124750
124750
124750
124750
124750
124750
124750
124750
124750
124750
124750
124750
124750
124750
124750
124750
124750
124750
124750
124750
124750
124750
124750
124750
124750
124750
124750
124750
124750
124750
124750
124750
124750
124750
124750
124750
124750
124750
124749
124748
124747
124745
124743
124741
124739
124737
124735
124733
124731
124729
124727
124725
124723
124721
124718
124715
124711
124706
124700
124694
124688
124682
124676
124670
124664
124658
124652
124646
124640
124634
124628
124622
124615
124608
124601
124594
124587
124580
124572
124564
124556
124548
124539
124529
124519
124509
124499
124489
124479
124469
124459
124449
124439
124429
124419
124408
124397
124386
124375
124364
124352
124338
124323
124308
124293
124278
124262
124246
124227
124208
124189
124170
124151
124132
124113
124094
124075
124056
124036
124016
123995
123974
123952
123929
123906
123882
123858
123834
123809
123782
123755
123728
123701
123674
123647
123620
123593
123566
123537
123508
123479
123450
123421
123391
123361
123331
123301
123269
123237
123205
123173
123140
123107
123074
123040
123005
122970
122935
122900
122865
122828
122790
122750
122710
122670
122629
122587
122545
122502
122459
122416
122373
122330
122287
122243
122199
122155
122111
122067
122023
121979
121933
121887
121841
121795
121748
121701
121654
121606
121558
121510
121462
121413
121363
121313
121262
121210
121158
121106
121053
121000
120946
120891
120836
120781
120726
120671
120615
120558
120500
120441
120381
120320
120258
120196
120134
120072
120010
119946
119882
119817
119751
119685
119619
119553
119486
119419
119351
119280
119209
119138
119067
118995
118923
118851
118778
118705
118632
118557
118480
118403
118324
118243
118162
118081
118000
117919
117837
117755
117673
117591
117508
117424
117340
117253
117164
117075
116985
116894
116803
116712
116621
116529
116435
116339
116243
116147
116051
115955
115857
115759
115661
115562
115461
115360
115259
115157
115055
114953
114851
114749
114647
114544
114441
114338
114234
114130
114024
113918
113812
113705
113598
113490
113382
113274
113165
113055
112944
112833
112722
112610
112497
112382
112265
112147
112029
111911
111791
111670
111549
111426
111302
111178
111053
110927
110801
110675
110547
110419
110290
110159
110028
109895
109758
109621
109483
109344
109202
109057
108910
108762
108612
108462
108312
108161
108009
107856
107702
107548
107393
107237
107079
106918
106754
106586
106414
106241
106065
105888
105709
105530
105350
105168
104986
104802
104618
104434
104249
104063
103876
103689
103500
103310
103120
102929
102737
102545
102351
102157
101961
101765
101568
101371
101173
100973
100771
100566
100360
100152
99942
99731
99520
99308
99093
98876
98659
98438
98215
97991
97763
97534
97304
97072
96838
96604
96368
96131
95892
95651
95409
95166
94916
94662
94405
94145
93885
93623
93360
93094
92825
92556
92285
92014
91740
91465
91187
90907
90627
90347
90066
89782
89497
89210
88920
88630
88338
88043
87746
87448
87148
86845
86538
86230
85918
85605
85290
84973
84654
84334
84011
83688
83362
83033
82704
82372
82038
81703
81366
81025
80681
80336
79989
79639
79287
78933
78578
78223
77866
77508
77148
76783
76413
76042
75670
75292
74914
74535
74154
73771
73388
73001
72613
72223
71831
71437
71039
70637
70234
69826
69415
69002
68587
68172
67755
67337
66913
66487
66056
65617
65176
64728
64275
63815
63353
62887
62417
61939
61455
60969
60475
59991
59506
59031
58560
58094
57632
57178
56727
56284
55846
55413
54983
54555
54133
53712
53295
52883
52473
52065
51657
51252
50851
50451
50054
49659
49265
48873
48484
48103
47725
47349
46974
46602
46232
45868
45507
45148
44792
44441
44092
43745
43400
43056
42715
42376
42040
41707
41378
41051
40724
40401
40080
39763
39450
39140
38832
38524
38217
37911
37609
37307
37006
36705
36405
36106
35809
35514
35221
34930
34642
34356
34077
33798
33521
33248
32976
32706
32438
32172
31908
31646
31387
31129
30873
30620
30369
30119
29871
29624
29381
29142
28903
28664
28429
28197
27965
27735
27508
27281
27054
26828
26603
26378
26154
25934
25715
25496
25278
25061
24848
24639
24431
24223
24016
23810
23605
23405
23207
23010
22814
22620
22427
22236
22046
21856
21667
21481
21295
21109
20924
20740
20558
20376
20194
20015
19837
19660
19485
19311
19137
18964
18793
18622
18451
18286
18122
17958
17794
17631
17469
17309
17150
16992
16835
16680
16525
16371
16218
16066
15915
15764
15615
15469
15323
15178
15034
14890
14748
14607
14468
14329
14190
14052
13914
13776
13638
13502
13368
13234
13101
12970
12839
12709
12580
12452
12325
12201
12079
11959
11841
11724
11609
11494
11381
11268
11156
11045
10935
10826
10717
10609
10501
10393
10285
10177
10071
9966
9861
9756
9652
9548
9446
9345
9244
9143
9042
8942
8843
8744
8645
8546
8448
8351
8255
8159
8065
7971
7878
7786
7696
7608
7521
7436
7354
7272
7190
7108
7026
6945
6865
6786
6709
6632
6555
6479
6403
6329
6255
6182
6111
6041
5971
5902
5835
5769
5704
5639
5574
5509
5445
5381
5318
5256
5196
5137
5078
5020
4962
4904
4846
4788
4730
4672
4615
4558
4501
4444
4388
4332
4276
4223
4170
4117
4065
4013
3961
3909
3857
3807
3758
3710
3662
3616
3571
3526
3481
3436
3392
3348
3304
3261
3219
3178
3137
3097
3058
3019
2981
2944
2908
2872
2836
2800
2764
2728
2692
2657
2622
2587
2553
2519
2485
2451
2418
2386
2354
2322
2290
2258
2227
2196
2166
2136
2106
2076
2046
2016
1986
1956
1927
1899
1871
1843
1816
1790
1764
1739
1714
1689
1664
1639
1614
1589
1564
1540
1517
1494
1471
1448
1426
1404
1382
1361
1342
1323
1304
1285
1266
1247
1228
1209
1192
1176
1160
1145
1131
1117
1103
1089
1075
1061
1047
1033
1020
1007
995
983
971
960
949
938
928
918
909
900
892
884
876
868
860
852
844
837
830
823
816
809
803
797
791
785
779
773
767
761
755
749
743
737
731
725
720
715
710
705
700
695
690
686
682
679
676
673
670
667
664
661
658
655
653
651
649
647
645
643
641
639
637
635
633
631
629
627
626
625
624
623
622
621
621
621
621
621
621
621
621
621
621
621
621
621
621
621
621
621
621
621
621
621
621
621
621
621
621
621
621
621
621
621
621
621
621
621
621
621
621
621
621
621
