124750
124750
124750
124750
124750
124750
124750
124750
124750
124750
124750
124750
124750
124749
124748
124747
124746
124745
124744
124743
124742
124741
124740
124739
124738
124737
124736
124735
124734
124733
124732
124731
124730
124729
124728
124727
124726
124725
124723
124721
124719
124716
124713
124710
124707
124704
124701
124698
124695
124692
124689
124685
124681
124677
124673
124669
124664
124658
124651
124644
124637
124630
124623
124616
124609
124602
124595
124588
124581
124574
124567
124560
124552
124544
124536
124528
124520
124512
124503
124494
124485
124476
124466
124455
124444
124433
124422
124411
124400
124389
124378
124367
124356
124345
124334
124322
124310
124298
124285
124272
124259
124244
124228
124212
124196
124180
124163
124146
124126
124106
124086
124066
124046
124026
124006
123986
123966
123946
123925
123904
123882
123860
123837
123813
123789
123764
123739
123714
123688
123660
123632
123604
123576
123548
123520
123492
123464
123436
123406
123376
123346
123316
123286
123255
123224
123193
123162
123129
123096
123063
123030
122996
122962
122928
122893
122857
122821
122785
122749
122713
122675
122636
122595
122554
122513
122471
122428
122385
122341
122297
122253
122209
122165
122121
122076
122031
121986
121941
121896
121851
121805
121758
121711
121664
121617
121569
121521
121473
121424
121375
121326
121277
121227
121176
121125
121073
121020
120967
120914
120860
120806
120751
120695
120639
120583
120527
120471
120414
120356
120297
120237
120176
120114
120051
119988
119925
119862
119799
119734
119669
119603
119536
119469
119402
119335
119267
119199
119130
119058
118986
118914
118842
118769
118696
118623
118549
118475
118401
118325
118247
118169
118089
118007
117925
117843
117761
117679
117596
117513
117430
117347
117263
117178
117093
117005
116915
116825
116734
116642
116550
116458
116366
116273
116178
116081
115984
115887
115790
115693
115594
115495
115396
115296
115194
115092
114990
114887
114784
114681
114578
114475
114372
114268
114164
114060
113955
113850
113743
113636
113529
113421
113313
113204
113095
112986
112876
112765
112653
112541
112429
112316
112202
112086
111968
111849
111730
111611
111490
111368
111246
111122
110997
110872
110746
110619
110492
110365
110236
110107
109977
109845
109713
109579
109441
109303
109164
109024
108881
108735
108587
108438
108287
108136
107985
107833
107680
107526
107371
107216
107060
106903
106744
106582
106417
106248
106075
105901
105724
105546
105366
105186
105005
104822
104639
104454
104269
104084
103898
103711
103523
103335
103145
102954
102763
102571
102378
102185
101990
101795
101598
101401
101203
101005
100806
100605
100402
100196
99989
99780
99569
99357
99145
98932
98716
98498
98280
98058
97834
97609
97380
97150
96919
96686
96451
96216
95979
95741
95501
95259
95016
94772
94521
94266
94008
93747
93486
93223
92959
92692
92422
92152
91880
91608
91333
91057
90778
90497
90216
89935
89653
89368
89082
88794
88503
88212
87919
87623
87325
87026
86725
86421
86113
85804
85491
85177
84861
84543
84223
83902
83578
83254
82927
82597
82267
81934
81599
81263
80925
80583
80238
79892
79544
79193
78840
78485
78129
77773
77415
77056
76695
76329
75958
75586
75213
74834
74455
74075
73693
73309
72925
72537
72148
71757
71364
70969
70570
70167
69763
69354
68942
68528
68112
67696
67278
66859
66434
66007
65575
65135
64693
64244
63790
63329
62866
62399
61928
61449
60964
60477
59982
59492
59007
58532
58061
57595
57133
56679
56228
55785
55347
54914
54484
54056
53634
53213
52796
52384
51974
51566
51158
50753
50352
49952
49555
49160
48766
48374
47985
47604
47226
46850
46475
46103
45733
45369
45008
44649
44293
43942
43593
43246
42901
42557
42216
41877
41541
41208
40879
40552
40225
39902
39581
39264
38951
38641
38333
38025
37718
37412
37110
36808
36507
36206
35906
35607
35310
35015
34722
34431
34143
33857
33578
33299
33022
32749
32477
32207
31939
31673
31409
31147
30888
30630
30374
30121
29870
29620
29372
29125
28882
28643
28404
28165
27930
27698
27466
27236
27009
26782
26555
26329
26104
25879
25655
25435
25216
24997
24779
24562
24349
24140
23932
23724
23517
23311
23106
22906
22708
22511
22315
22121
21928
21737
21547
21357
21168
20982
20796
20610
20425
20241
20059
19877
19695
19516
19338
19161
18986
18812
18638
18465
18294
18123
17952
17787
17623
17459
17295
17132
16970
16810
16651
16493
16336
16181
16026
15872
15719
15567
15416
15265
15116
14970
14824
14679
14535
14391
14249
14108
13969
13830
13691
13553
13415
13277
13139
13003
12869
12735
12602
12471
12340
12210
12081
11953
11826
11702
11580
11460
11342
11225
11110
10995
10882
10769
10657
10546
10436
10327
10218
10110
10002
9894
9786
9678
9572
9467
9362
9257
9153
9049
8947
8846
8745
8644
8543
8443
8344
8245
8146
8047
7949
7852
7756
7660
7566
7472
7379
7287
7197
7109
7022
6937
6855
6773
6691
6609
6527
6446
6366
6287
6210
6133
6056
5980
5904
5830
5756
5683
5612
5542
5472
5403
5336
5270
5205
5140
5075
5010
4946
4882
4819
4757
4697
4638
4579
4521
4463
4405
4347
4289
4231
4173
4116
4059
4002
3945
3889
3833
3777
3724
3671
3618
3566
3514
3462
3410
3358
3308
3259
3211
3163
3117
3072
3027
2982
2937
2893
2849
2805
2762
2720
2679
2638
2598
2559
2520
2482
2445
2409
2373
2337
2301
2265
2229
2193
2158
2123
2088
2054
2020
1986
1952
1919
1887
1855
1823
1791
1759
1728
1697
1667
1637
1607
1577
1547
1517
1487
1457
1428
1400
1372
1344
1317
1291
1265
1240
1215
1190
1165
1140
1115
1090
1065
1041
1018
995
972
949
927
905
883
862
843
824
805
786
767
748
729
710
693
677
661
646
632
618
604
590
576
562
548
534
521
508
496
484
472
461
450
439
429
419
410
401
393
385
377
369
361
353
345
338
331
324
317
310
304
298
292
286
280
274
268
262
256
250
244
238
232
226
221
216
211
206
201
196
191
187
183
180
177
174
171
168
165
162
159
156
154
152
150
148
146
144
142
140
138
136
134
132
130
128
127
126
125
124
123
122
122
122
122
122
122
122
122
122
122
122
122
122
122
122
122
122
122
122
122
122
122
122
122
122
122
122
122
122
122
122
122
122
122
122
122
122
122
122
122
122
