2438
2438
2438
2438
2438
2438
2438
2438
2438
2438
2438
2438
2438
2436
2434
2420
2410
2395
2382
2368
2354
2341
2330
2311
2314
2294
2275
2258
2236
2222
2202
2208
2180
2148
2113
2085
2059
2026
1996
1973
1943
1915
1910
1875
1852
1819
1777
1749
1714
1668
1625
1583
1550
1504
1456
1414
1372
1337
1283
1259
1214
1156
1124
1068
1046
987
989
943
885
871
835
842
819
764
744
731
700
692
678
631
597
575
558
535
564
512
493
496
479
446
447
449
430
427
428
413
439
430
431
423
413
417
385
398
378
394
392
377
370
327
330
335
328
323
305
315
314
300
287
309
307
316
304
282
292
293
278
268
278
257
261
251
247
244
234
234
234
238
230
218
222
219
214
206
211
210
202
202
188
189
189
181
175
175
180
172
163
163
161
160
155
151
150
151
148
144
141
137
134
132
130
128
126
124
122
120
118
116
114
112
111
109
108
106
104
102
101
100
99
99
99
99
99
99
99
99
99
99
99
