15951
15951
15951
15951
15951
15951
15951
15951
15951
15951
15951
15951
15951
15951
15951
15951
15951
15951
15951
15951
15951
15951
15951
15951
15951
15951
15951
15951
15951
15951
15947
15951
15961
15951
15961
15959
15953
15953
15955
15953
15969
15967
15967
15965
15949
15979
15961
15963
15979
15971
15973
15971
15963
15961
15943
15943
15959
15951
15961
15965
15957
15941
15965
15941
15943
15949
15979
15979
15963
15953
15957
15981
15977
15987
15975
15983
15977
15973
15977
15971
15991
15975
15959
15951
15977
15969
15955
15955
15963
15993
15941
15957
15985
15993
15987
15981
15983
15967
15933
15963
15993
15959
15965
15957
15945
15973
15979
15983
15979
15973
15941
15973
15975
16009
15963
15981
15979
16001
15973
15963
16001
15967
15963
15987
15995
15963
15979
15967
15989
15973
15981
16007
15951
15971
16025
15967
15993
15989
15993
15987
16005
15977
15995
15989
15993
16021
15967
15999
15979
15961
15979
15985
15987
15995
15997
15987
15975
15979
15987
15981
15979
16011
16023
16005
15985
15991
15989
15977
15965
15977
15983
16017
15983
15985
15993
15965
15971
16021
15999
15997
16001
15991
16013
16013
16001
16007
15981
15997
15951
16007
16001
16025
16017
15987
15975
15997
15995
16001
15999
15979
16033
15987
16015
16025
15987
15997
16023
15953
16009
15971
16023
15991
16017
15999
15991
15983
15993
15987
16003
16021
15989
16019
15965
16017
16003
15987
16009
16027
15999
16011
16021
15985
15977
16021
16011
16017
16021
16005
16003
16005
16055
16023
16015
16047
15993
15985
15999
16031
16039
16023
16029
16039
16005
16041
16041
16039
16027
16035
16051
16029
16043
15991
15991
16003
16053
15999
16003
15985
15965
15989
16051
16027
16055
16031
16007
16045
15991
15993
16041
16021
16035
15989
15989
16001
16013
16031
15991
15999
16039
15981
16015
16081
16053
16027
16053
16009
16009
16041
16045
16053
16047
16065
16011
16015
16037
16009
16027
16053
15969
16029
16057
16043
16045
16067
16027
16041
16025
16057
16035
16021
16067
16063
16013
16051
16057
16093
16055
16037
16051
16027
15993
16031
16043
16089
16051
16045
16077
16065
16049
16063
16113
16091
16081
16037
16021
16049
16043
16061
16067
16099
16027
16053
16065
16069
16067
16019
16047
16073
16033
16013
16049
16031
16049
16051
16033
16105
16047
16057
16021
16067
16049
16033
16075
16093
16043
16043
16065
16037
16039
16033
16087
16079
16063
16073
16061
16057
16055
16041
16071
16081
16111
16069
16069
16071
16099
16119
16091
16101
16067
16119
16011
16031
16121
15981
16033
16115
16083
16073
16077
16071
16059
16063
16053
16061
16095
16085
16025
16073
16105
16053
16055
16047
16107
16023
16041
16073
16047
16107
16027
16067
16065
16055
16065
16063
16087
16103
16079
16075
16103
16045
16089
16041
16061
16075
16047
16105
16139
16089
16071
16093
16085
16085
16101
16067
16131
16097
16089
16051
16117
16057
16133
16057
16057
16051
16051
16047
16095
16069
16083
16119
16081
16049
16015
16045
16107
16129
16077
16093
16105
16069
16073
16073
16057
16063
16041
16111
16113
16067
16057
16025
16055
16089
16051
16065
16085
16103
16147
16095
16095
16107
16075
16109
16121
16107
16069
16083
16059
16073
16077
16107
16111
16109
16127
16137
16061
16031
16057
16095
16055
16061
16077
16115
16123
16095
16091
16131
16063
16087
16085
16129
16145
16077
16135
16057
16139
16107
16107
16081
16103
16127
16091
16109
16079
16129
16171
16119
16087
16135
16127
16133
16143
16153
16105
16115
16115
16147
16111
16111
16057
16131
16125
16125
16151
16113
16115
16133
16171
16171
16145
16163
16115
16127
16169
16123
16167
16119
16157
16159
16145
16145
16161
16177
16109
16095
16107
16149
16115
16121
16131
16087
16071
16081
16073
16073
16133
16087
16179
16089
16121
16071
16109
16117
16051
16129
16163
16087
16085
16093
16109
16109
16103
16117
16103
16107
16147
16127
16115
16127
16111
16123
16169
16165
16145
16105
16093
16165
16117
16145
16173
16139
16193
16151
16053
16141
16141
16147
16155
16147
16107
16107
16137
16169
16135
16133
16211
16223
16219
16211
16169
16179
16183
16207
16173
16167
16205
16183
16159
16215
16191
16237
16209
16237
16227
16253
16299
16185
16243
16217
16215
16223
16247
16195
16247
16217
16223
16253
16191
16229
16231
16211
16235
16197
16195
16253
16229
16219
16261
16211
16283
16241
16243
16217
16219
16203
16261
16209
16201
16229
16209
16207
16255
16211
16195
16265
16225
16223
16165
16245
16213
16259
16261
16253
16235
16257
16287
16241
16233
16269
16235
16313
16289
16207
16325
16299
16229
16177
16205
16303
16301
16241
16211
16303
16279
16269
16287
16247
16271
16301
16261
16357
16255
16291
16299
16281
16311
16333
16341
16323
16347
16331
16351
16319
16363
16345
16349
16355
16389
16365
16331
16303
16383
16367
16315
16357
16323
16311
16341
16339
16361
16371
16353
16335
16371
16443
16331
16357
16423
16387
16317
16429
16343
16413
16403
16411
16409
16373
16369
16433
16359
16369
16425
16389
16413
16403
16395
16387
16449
16393
16377
16457
16453
16387
16465
16457
16443
16443
16461
16457
16431
16419
16433
16433
16415
16365
16489
16455
16443
16465
16509
16467
16493
16469
16549
16479
16431
16477
16521
16503
16503
16595
16507
16503
16489
16531
16503
16455
16549
16497
16461
16487
16531
16547
16507
16445
16511
16523
16537
16519
16509
16505
16483
16545
16499
16553
16537
16489
16589
16589
16559
16619
16601
16609
16629
16613
16613
16601
16633
16661
16601
16637
16619
16635
16599
16633
16585
16653
16693
16655
16647
16609
16647
16675
16721
16627
16693
16743
16683
16701
16645
16683
16735
16739
16747
16779
16729
16741
16815
16789
16781
16771
16773
16829
16805
16737
16801
16849
16837
16849
16769
16835
16783
16833
16871
16903
16895
16895
16921
16901
16815
16883
16969
16863
16945
16935
16935
16919
16945
16919
16845
16939
17001
17023
16947
17063
16989
17029
17043
17007
17019
17037
17037
17045
17053
17111
17077
17029
17095
17061
17115
17085
17065
17099
17111
17067
17125
17109
17137
17081
17127
17133
17201
17143
17247
17167
17111
17141
17203
17203
17203
17205
17257
17239
17213
17253
17225
17293
17253
17189
17315
17231
17289
17295
17261
17319
17341
17321
17333
17321
17385
17385
17517
17387
17433
17443
17463
17477
17489
17495
17533
17555
17621
17541
17527
17509
17505
17565
17539
17535
17603
17527
17549
17561
17521
17507
17527
17557
17533
17531
17565
17591
17569
17547
17515
17621
17601
17571
17547
17583
17613
17617
17597
17535
17575
17621
17623
17589
17603
17601
17583
17657
17583
17547
17651
17571
17605
17585
17599
17579
17615
17647
17601
17653
17679
17607
17681
17637
17689
17587
17647
17677
17685
17687
17703
17719
17645
17677
17667
17707
17635
17689
17593
17679
17691
17715
17725
17675
17619
17679
17711
17733
17695
17703
17683
17747
17703
17725
17711
17755
17709
17719
17721
17751
17749
17703
17695
17733
17643
17733
17651
17675
17719
17683
17749
17739
17723
17665
17685
17713
17685
17691
17663
17687
17695
17755
17713
17737
17705
17705
17693
17669
17733
17723
17699
17733
17707
17681
17689
17691
17773
17695
17725
17701
17697
17659
17673
17643
17701
17613
17627
17737
17655
17739
17689
17713
17657
17719
17595
17735
17657
17625
17659
17569
17675
17657
17675
17661
17665
17647
17647
17723
17681
17673
17687
17727
17727
17679
17731
17745
17715
17705
17679
17679
17717
17775
17701
17739
17749
17777
17745
17805
17741
17805
17721
17793
17733
17757
17779
17805
17783
17765
17779
17831
17785
17735
17705
17771
17803
17707
17759
17735
17743
17749
17733
17765
17753
17751
17769
17759
17807
17785
17759
17747
17777
17743
17825
17747
17799
17715
17827
17755
17757
17765
17795
17793
17739
17795
17795
17785
17773
17791
17727
17737
17769
17803
17807
17879
17775
17801
17737
17773
17845
17793
17733
17749
17773
17773
17811
17817
17817
17739
17715
17829
17809
17747
17739
17733
17773
17721
17763
17803
17763
17705
17695
17717
17775
17755
17739
17719
17773
17757
17741
17669
17717
17731
17763
17761
17761
17779
17721
17755
17721
17757
17657
17733
17773
17749
17691
17697
17699
17671
17733
17667
17655
17669
17621
17705
17667
17713
17741
17727
17695
17705
17709
17729
17719
17669
17691
17707
17655
17679
17661
17713
17665
17721
17615
17611
17621
17685
17573
17645
17615
17671
17677
17669
17711
17639
17641
17579
17663
17619
17645
17663
17673
17621
17641
17633
17613
17629
17581
17673
17635
17619
17595
17633
17541
17657
17645
17611
17609
17545
17585
17567
17575
17631
17619
17625
17623
17685
17563
17595
17573
17605
17555
17607
17537
17703
17595
17669
17577
17587
17585
17583
17643
17637
17613
17607
17645
17609
17633
17663
17593
17601
17551
17613
17543
17603
17617
17611
17601
17541
17579
17593
17577
17611
17579
17523
17645
17667
17639
17551
17561
17581
17573
17613
17535
17489
17543
17601
17457
17537
17553
17561
17533
17559
17523
17611
17595
17579
17509
17577
17545
17609
17637
17639
17577
17553
17555
17571
17573
17615
17585
17587
17579
17607
17587
17639
17593
17617
17611
17635
17623
17645
17609
17693
17681
17647
17579
17611
17669
17615
17607
17629
17617
17637
17679
17611
17575
17609
17647
17647
17607
17607
17673
17681
17595
17603
17655
17613
17687
17657
17561
17635
17625
17585
17565
17549
17581
17611
17633
17603
17659
17645
17647
17685
17617
17589
17563
17587
17565
17555
17587
17573
17619
17595
17621
17669
17627
17597
17619
17523
17633
17639
17593
17645
17563
17583
17607
17555
17609
17623
17647
17685
17669
17589
17669
17661
17649
17635
17609
17643
17645
17583
17641
17597
17565
17601
17633
17639
17679
17677
17683
17705
17645
17681
17693
17715
17717
17611
17635
17715
17681
17673
17645
17679
17695
17745
17625
17675
17623
17627
17665
17641
17641
17657
17699
17771
17671
17665
17647
17689
17645
17729
17779
17757
17797
17625
17703
17695
17687
17657
17633
17649
17697
17689
17643
17709
17631
17655
17733
17699
17755
17711
17711
17629
17717
17705
17663
17689
17757
17683
17641
17671
17649
17669
17695
17673
17755
17757
17749
17765
17739
17727
17731
17727
17763
17735
17721
17681
17673
17581
17657
17715
17729
17673
17739
17707
17723
17699
17707
17743
17727
17787
17777
17759
17707
17705
17733
17703
17767
17739
17815
17801
17745
17729
17787
17773
17817
17853
17763
17821
17727
17749
17775
17787
17735
17801
17771
17701
17737
17719
17769
17763
17755
17779
17701
17739
17751
17793
17663
17725
17773
17851
17731
17709
17677
17739
17835
17819
17713
17747
17783
17767
17757
17831
17801
17759
17783
17773
17777
17823
17821
17819
17789
17807
17841
17889
17829
17773
17775
17775
17797
17777
17781
17783
17775
17763
17777
17821
17791
17811
17797
17771
17831
17773
17775
17731
17811
17785
17815
17799
17841
17841
17855
17815
17907
17797
17825
17835
17839
17801
17765
17799
17847
17813
17927
17861
17785
17803
17801
17823
17873
17883
17841
17857
17881
17885
17859
17851
17803
17787
17877
17889
17863
17959
17861
17915
17921
17861
17935
17875
17881
17873
17875
17849
17891
17813
17913
17819
17905
17893
17883
17839
17905
17793
17907
17857
17933
17915
17905
17925
17925
17857
17937
17881
17911
17971
17925
17983
17939
17971
17945
17911
17895
17925
17979
17929
17929
18019
18005
18035
18009
17947
17971
17909
17949
17961
17931
18003
17987
17969
17979
17981
18025
18013
17997
18043
18033
18003
18007
17957
17987
17995
17983
17981
17985
18003
17985
18001
17999
17977
18033
18063
18069
18083
18029
18025
18045
18111
18075
18091
18065
18083
18081
18111
18057
18039
18045
18059
18055
18049
18015
18055
18049
18019
18087
18041
18043
18065
18053
18053
18057
18061
18077
18065
18107
18069
18041
18083
18111
18091
18095
18099
18105
18119
18133
18077
18105
18113
18095
18111
18087
18131
18151
18115
18099
18117
18109
18109
18119
18083
18101
18097
18137
18117
18119
18099
18115
18131
18113
18111
18083
18107
18107
18079
18113
18117
18127
18127
18107
18109
18121
18119
18129
18125
18135
18131
18125
18111
18145
18165
18147
18159
18141
18137
18137
18151
18157
18155
18133
18137
18153
18145
18141
18123
18135
18139
18161
18129
18157
18151
18127
18147
18139
18133
18129
18129
18167
18175
18169
18171
18155
18155
18155
18155
18155
18155
18155
18155
18155
18155
18155
18155
18155
18155
18155
18155
18155
18155
18155
18155
18155
18155
18155
18155
18155
18155
18155
18155
18155
18155
18155
18155
18155
18155
18155
18155
18155
18155
18155
18155
18155
18155
18155
18155
18155
18155
18155
18155
18155
18155
18155
18155
18155
18155
18155
18155
18155
18155
18155
