44850
44850
44850
44850
44850
44850
44850
44850
44850
44850
44850
44850
44850
44850
44850
44850
44850
44850
44850
44850
44850
44850
44850
44850
44850
44850
44850
44850
44850
44850
44850
44850
44850
44850
44850
44850
44850
44850
44850
44850
44850
44850
44850
44850
44850
44850
44850
44850
44850
44850
44850
44850
44850
44850
44850
44850
44850
44850
44850
44850
44850
44850
44850
44850
44850
44850
44850
44850
44850
44850
44850
44850
44850
44850
44850
44850
44850
44850
44850
44850
44850
44850
44850
44850
44850
44850
44850
44850
44850
44850
44850
44850
44850
44850
44850
44850
44850
44850
44850
44850
44850
44850
44850
44850
44850
44850
44850
44850
44850
44850
44850
44850
44850
44850
44850
44850
44850
44850
44850
44850
44850
44850
44850
44850
44850
44850
44850
44850
44850
44850
44850
44850
44850
44850
44850
44850
44850
44850
44850
44850
44850
44850
44850
44850
44850
44850
44850
44850
44850
44850
44850
44850
44850
44850
44850
44850
44850
44850
44850
44850
44850
44850
44850
44850
44850
44850
44850
44850
44850
44850
44850
44850
44850
44850
44850
44850
44850
44850
44850
44850
44850
44850
44850
44850
44850
44850
44850
44850
44850
44850
44850
44850
44850
44850
44850
44850
44850
44850
44850
44850
44850
44850
44850
44850
44850
44850
44850
44850
44850
44850
44850
44850
44850
44850
44850
44850
44850
44850
44850
44850
44850
44850
44850
44850
44850
44850
44850
44850
44850
44850
44850
44850
44850
44850
44850
44850
44850
44850
44850
44850
44850
44850
44850
44850
44850
44850
44850
44850
44850
44850
44850
44850
44850
44850
44850
44850
44850
44850
44850
44850
44850
44850
44850
44850
44850
44850
44850
44850
44850
44850
44850
44850
44850
44850
44850
44850
44850
44847
44749
44482
44056
43536
42821
41954
40899
39722
38425
37006
35536
34038
32485
30918
29388
27875
26483
25270
24261
23449
22882
23275
22989
22703
22426
22152
21881
21613
21348
21085
20829
20575
20325
20078
19831
19591
19354
19118
18885
18654
18427
18200
17974
17750
17528
17310
17093
16881
16670
16460
16252
16045
15840
15636
15437
15240
15046
14853
14660
14467
14278
14091
13905
13721
13542
13369
13196
13024
12853
12684
12517
12352
12191
12032
11873
11717
11564
11413
11263
11113
10966
10820
10675
10531
10389
10249
10110
9972
9836
9701
9568
9438
9308
9179
9051
8926
8801
8679
8558
8438
8319
8201
8085
7972
7861
7750
7644
7539
7435
7331
7227
7125
7024
6924
6825
6728
6631
6535
6441
6347
6253
6160
6068
5979
5891
5805
5720
5636
5552
5470
5389
5310
5232
5154
5078
5002
4930
4858
4786
4714
4642
4570
4499
4428
4357
4288
4219
4152
4086
4022
3960
3901
3843
3785
3730
3677
3624
3571
3520
3469
3418
3367
3317
3268
3220
3172
3125
3078
3032
2988
2945
2902
2860
2818
2776
2734
2693
2652
2611
2570
2529
2488
2449
2410
2371
2333
2296
2259
2222
2186
2150
2115
2080
2046
2014
1982
1950
1918
1887
1856
1825
1794
1763
1734
1705
1677
1649
1623
1597
1571
1545
1520
1495
1472
1449
1427
1406
1385
1364
1343
1322
1301
1281
1262
1243
1225
1207
1189
1171
1153
1138
1123
1108
1093
1078
1063
1048
1033
1019
1005
991
977
963
951
940
931
923
916
909
902
895
888
881
874
868
862
856
850
846
842
838
834
830
826
822
818
814
810
806
802
798
794
790
786
782
778
774
770
767
764
761
758
756
754
752
750
748
746
744
742
740
738
736
735
734
733
732
731
730
729
729
729
729
729
729
729
729
729
729
729
729
729
729
729
729
729
729
729
729
729
729
