44850
44850
44850
44850
44850
44850
44850
44850
44850
44850
44850
44850
44850
44850
44850
44850
44850
44850
44850
44850
44850
44850
44850
44850
44850
44850
44850
44850
44850
44850
44850
44850
44850
44850
44850
44850
44850
44850
44850
44850
44850
44850
44850
44850
44850
44850
44850
44850
44850
44850
44850
44850
44850
44850
44850
44850
44850
44850
44850
44850
44850
44850
44850
44850
44850
44850
44850
44850
44850
44850
44850
44850
44850
44850
44850
44850
44850
44850
44850
44850
44850
44850
44850
44850
44850
44850
44850
44850
44850
44850
44850
44850
44850
44850
44850
44850
44850
44850
44850
44850
44850
44850
44850
44850
44850
44850
44850
44850
44850
44850
44850
44850
44850
44850
44850
44850
44850
44850
44850
44850
44850
44850
44850
44850
44850
44850
44850
44850
44850
44850
44850
44850
44850
44850
44850
44850
44850
44850
44850
44850
44850
44850
44850
44850
44850
44850
44850
44850
44850
44850
44850
44850
44850
44850
44850
44850
44850
44850
44850
44850
44850
44850
44850
44850
44850
44850
44850
44850
44850
44850
44850
44850
44850
44850
44850
44850
44850
44850
44850
44850
44850
44850
44850
44850
44850
44850
44850
44850
44850
44850
44850
44850
44850
44850
44850
44850
44850
44850
44850
44850
44850
44850
44850
44850
44850
44850
44850
44850
44850
44850
44850
44850
44850
44850
44850
44850
44850
44850
44850
44850
44850
44850
44850
44850
44850
44850
44850
44850
44850
44850
44850
44850
44850
44850
44850
44850
44850
44850
44850
44850
44850
44850
44850
44850
44850
44850
44850
44850
44850
44850
44850
44850
44850
44850
44850
44850
44850
44850
44850
44850
44850
44850
44850
44850
44850
44850
44850
44850
44850
44850
44850
44850
44850
44850
44850
44850
44850
44830
44700
44402
43956
43417
42684
41800
40729
39537
38226
36794
35312
33803
32240
30664
29126
27606
26208
24990
23977
23162
22593
22983
22693
22407
22130
21856
21585
21317
21052
20789
20533
20279
20029
19782
19535
19295
19058
18822
18589
18358
18131
17904
17678
17454
17232
17014
16797
16585
16374
16164
15956
15749
15544
15340
15141
14944
14750
14557
14364
14171
13982
13795
13609
13425
13246
13073
12900
12728
12557
12388
12221
12056
11895
11736
11577
11421
11268
11117
10967
10817
10670
10524
10379
10235
10093
9953
9814
9676
9540
9405
9272
9142
9012
8883
8755
8630
8505
8383
8262
8142
8023
7905
7789
7676
7565
7454
7348
7243
7139
7035
6931
6829
6728
6628
6529
6432
6335
6239
6145
6051
5957
5864
5772
5683
5595
5509
5424
5340
5256
5174
5093
5014
4936
4858
4782
4706
4634
4562
4490
4418
4346
4274
4203
4132
4061
3992
3923
3856
3790
3726
3664
3605
3547
3489
3434
3381
3328
3275
3224
3173
3122
3071
3021
2972
2924
2876
2829
2782
2736
2692
2649
2606
2564
2522
2480
2438
2397
2356
2315
2274
2233
2192
2153
2114
2075
2037
2000
1963
1926
1890
1854
1819
1784
1750
1718
1686
1654
1622
1591
1560
1529
1498
1467
1438
1409
1381
1353
1327
1301
1275
1249
1224
1199
1176
1153
1131
1110
1089
1068
1047
1026
1005
985
966
947
929
911
893
875
857
842
827
812
797
782
767
752
737
723
709
695
681
667
655
644
635
627
620
613
606
599
592
585
578
572
566
560
554
550
546
542
538
534
530
526
522
518
514
510
506
502
498
494
490
486
482
478
474
471
468
465
462
460
458
456
454
452
450
448
446
444
442
440
439
438
437
436
435
434
433
433
433
433
433
433
433
433
433
433
433
433
433
433
433
433
433
433
433
433
433
433
