113
113
113
113
113
113
113
113
113
113
113
113
113
113
113
115
115
116
117
117
120
121
123
125
127
127
128
130
132
134
135
139
137
138
139
140
142
145
141
145
150
148
147
153
152
153
156
157
158
161
164
161
174
186
180
164
164
183
163
191
198
173
163
187
181
164
181
163
157
172
184
170
190
185
174
170
177
181
163
166
179
164
169
175
167
180
170
181
176
180
186
178
174
186
181
179
183
182
180
185
179
177
181
173
172
178
169
164
166
161
164
153
152
154
157
154
152
148
146
139
148
144
141
135
138
140
137
131
129
130
127
119
124
121
121
118
121
121
119
120
119
111
113
113
111
110
115
111
102
105
103
101
101
100
99
97
95
95
92
92
90
89
88
88
86
84
84
82
78
78
79
77
76
75
74
73
72
73
71
71
69
68
67
67
65
65
65
64
64
64
64
64
64
64
64
64
64
64
64
