386
386
386
386
386
386
386
386
386
386
386
386
386
386
385
388
388
384
381
397
379
402
375
378
374
388
394
372
365
366
372
367
377
404
414
378
365
369
456
401
373
398
395
372
425
394
365
372
384
362
374
397
575
423
404
401
370
502
415
400
481
412
466
417
464
395
442
448
431
533
484
389
422
387
394
392
449
414
402
464
404
432
391
372
428
419
433
443
444
409
497
387
419
396
432
414
430
420
614
455
391
578
404
458
517
432
459
441
411
440
456
604
472
504
444
444
440
441
649
487
511
471
457
481
419
423
483
458
526
452
498
489
504
486
449
454
478
517
458
454
434
484
505
520
482
466
449
448
484
469
481
477
470
468
529
486
484
463
481
477
495
481
501
476
480
474
467
479
505
483
471
470
472
474
481
491
483
480
477
479
481
482
478
480
481
479
480
480
479
479
479
479
479
479
479
479
479
479
479
