8225
8225
8225
8225
8225
8225
8225
8225
8225
8225
8225
8225
8225
8225
8225
8225
8225
8225
8225
8225
8225
8225
8225
8225
8225
8225
8225
8225
8225
8225
8223
8225
8230
8225
8230
8229
8226
8226
8227
8226
8234
8233
8233
8232
8224
8239
8230
8231
8239
8235
8236
8235
8231
8230
8221
8221
8229
8225
8230
8232
8228
8220
8232
8220
8221
8224
8239
8239
8231
8226
8228
8240
8238
8243
8237
8241
8238
8236
8238
8235
8245
8237
8229
8225
8238
8234
8227
8227
8231
8246
8220
8228
8242
8246
8243
8240
8241
8233
8216
8231
8246
8229
8232
8228
8222
8236
8239
8241
8239
8236
8220
8236
8237
8254
8231
8240
8239
8250
8236
8231
8250
8233
8231
8243
8247
8231
8239
8233
8244
8236
8240
8253
8225
8235
8262
8233
8246
8244
8246
8243
8252
8238
8247
8244
8246
8260
8233
8249
8239
8230
8239
8242
8243
8247
8248
8243
8237
8239
8243
8240
8239
8255
8261
8252
8242
8245
8244
8238
8232
8238
8241
8258
8241
8242
8246
8232
8235
8260
8249
8248
8250
8245
8256
8256
8250
8253
8240
8248
8225
8253
8250
8262
8258
8243
8237
8248
8247
8250
8249
8239
8266
8243
8257
8262
8243
8248
8261
8226
8254
8235
8261
8245
8258
8249
8245
8241
8246
8243
8251
8260
8244
8259
8232
8258
8251
8243
8254
8263
8249
8255
8260
8242
8238
8260
8255
8258
8260
8252
8251
8252
8277
8261
8257
8273
8246
8242
8249
8265
8269
8261
8264
8269
8252
8270
8270
8269
8263
8267
8275
8264
8271
8245
8245
8251
8276
8249
8251
8242
8232
8244
8275
8263
8277
8265
8253
8272
8245
8246
8270
8260
8267
8244
8244
8250
8256
8265
8245
8249
8269
8240
8257
8290
8276
8263
8276
8254
8254
8270
8272
8276
8273
8282
8255
8257
8268
8254
8263
8276
8234
8264
8278
8271
8272
8283
8263
8270
8262
8278
8267
8260
8283
8281
8256
8275
8278
8296
8277
8268
8275
8263
8246
8265
8271
8294
8275
8272
8288
8282
8274
8281
8306
8295
8290
8268
8260
8274
8271
8280
8283
8299
8263
8276
8282
8284
8283
8259
8273
8286
8266
8256
8274
8265
8274
8275
8266
8302
8273
8278
8260
8283
8274
8266
8287
8296
8271
8271
8282
8268
8269
8266
8293
8289
8281
8286
8280
8278
8277
8270
8285
8290
8305
8284
8284
8285
8299
8309
8295
8300
8283
8309
8255
8265
8310
8240
8266
8307
8291
8286
8288
8285
8279
8281
8276
8280
8297
8292
8262
8286
8302
8276
8277
8273
8303
8261
8270
8286
8273
8303
8263
8283
8282
8277
8282
8281
8293
8301
8289
8287
8301
8272
8294
8270
8280
8287
8273
8302
8319
8294
8285
8296
8292
8292
8300
8283
8315
8298
8294
8275
8308
8278
8316
8278
8278
8275
8275
8273
8297
8284
8291
8309
8290
8274
8257
8272
8303
8314
8288
8296
8302
8284
8286
8286
8278
8281
8270
8305
8306
8283
8278
8262
8277
8294
8275
8282
8292
8301
8323
8297
8297
8303
8287
8304
8310
8303
8284
8291
8279
8286
8288
8303
8305
8304
8313
8318
8280
8265
8278
8297
8277
8280
8288
8307
8311
8297
8295
8315
8281
8293
8292
8314
8322
8288
8317
8278
8319
8303
8303
8290
8301
8313
8295
8304
8289
8314
8335
8309
8293
8317
8313
8316
8321
8326
8302
8307
8307
8323
8305
8305
8278
8315
8312
8312
8325
8306
8307
8316
8335
8335
8322
8331
8307
8313
8334
8311
8333
8309
8328
8329
8322
8322
8330
8338
8304
8297
8303
8324
8307
8310
8315
8293
8285
8290
8286
8286
8316
8293
8339
8294
8310
8285
8304
8308
8275
8314
8331
8293
8292
8296
8304
8304
8301
8308
8301
8303
8323
8313
8307
8313
8305
8311
8334
8332
8322
8302
8296
8332
8308
8322
8336
8319
8346
8325
8276
8320
8320
8323
8327
8323
8303
8303
8318
8334
8317
8316
8355
8361
8359
8355
8334
8339
8341
8353
8336
8333
8352
8341
8329
8357
8345
8368
8354
8368
8363
8376
8399
8342
8371
8358
8357
8361
8373
8347
8373
8358
8361
8376
8345
8364
8365
8355
8367
8348
8347
8376
8364
8359
8380
8355
8391
8370
8371
8358
8359
8351
8380
8354
8350
8364
8354
8353
8377
8355
8347
8382
8362
8361
8332
8372
8356
8379
8380
8376
8367
8378
8393
8370
8366
8384
8367
8406
8394
8353
8412
8399
8364
8338
8352
8401
8400
8370
8355
8401
8389
8384
8393
8373
8385
8400
8380
8428
8377
8395
8399
8390
8405
8416
8420
8411
8423
8415
8425
8409
8431
8422
8424
8427
8444
8432
8415
8401
8441
8433
8407
8428
8411
8405
8420
8419
8430
8435
8426
8417
8435
8471
8415
8428
8461
8443
8408
8464
8421
8456
8451
8455
8454
8436
8434
8466
8429
8434
8462
8444
8456
8451
8447
8443
8474
8446
8438
8478
8476
8443
8482
8478
8471
8471
8480
8478
8465
8459
8466
8466
8457
8432
8494
8477
8471
8482
8504
8483
8496
8484
8524
8489
8465
8488
8510
8501
8501
8547
8503
8501
8494
8515
8501
8477
8524
8498
8480
8493
8515
8523
8503
8472
8505
8511
8518
8509
8504
8502
8491
8522
8499
8526
8518
8494
8544
8544
8529
8559
8550
8554
8564
8556
8556
8550
8566
8580
8550
8568
8559
8567
8549
8566
8542
8576
8596
8577
8573
8554
8573
8587
8610
8563
8596
8621
8591
8600
8572
8591
8617
8619
8623
8639
8614
8620
8657
8644
8640
8635
8636
8664
8652
8618
8650
8674
8668
8674
8634
8667
8641
8666
8685
8701
8697
8697
8710
8700
8657
8691
8734
8681
8722
8717
8717
8709
8722
8709
8672
8719
8750
8761
8723
8781
8744
8764
8771
8753
8759
8768
8768
8772
8776
8805
8788
8764
8797
8780
8807
8792
8782
8799
8805
8783
8812
8804
8818
8790
8813
8816
8850
8821
8873
8833
8805
8820
8851
8851
8851
8852
8878
8869
8856
8876
8862
8896
8876
8844
8907
8865
8894
8897
8880
8909
8920
8910
8916
8910
8942
8942
9008
8943
8966
8971
8981
8988
8994
8997
9016
9027
9060
9020
9013
9004
9002
9032
9019
9017
9051
9013
9024
9030
9010
9003
9013
9028
9016
9015
9032
9045
9034
9023
9007
9060
9050
9035
9023
9041
9056
9058
9048
9017
9037
9060
9061
9044
9051
9050
9041
9078
9041
9023
9075
9035
9052
9042
9049
9039
9057
9073
9050
9076
9089
9053
9090
9068
9094
9043
9073
9088
9092
9093
9101
9109
9072
9088
9083
9103
9067
9094
9046
9089
9095
9107
9112
9087
9059
9089
9105
9116
9097
9101
9091
9123
9101
9112
9105
9127
9104
9109
9110
9125
9124
9101
9097
9116
9071
9116
9075
9087
9109
9091
9124
9119
9111
9082
9092
9106
9092
9095
9081
9093
9097
9127
9106
9118
9102
9102
9096
9084
9116
9111
9099
9116
9103
9090
9094
9095
9136
9097
9112
9100
9098
9079
9086
9071
9100
9056
9063
9118
9077
9119
9094
9106
9078
9109
9047
9117
9078
9062
9079
9034
9087
9078
9087
9080
9082
9073
9073
9111
9090
9086
9093
9113
9113
9089
9115
9122
9107
9102
9089
9089
9108
9137
9100
9119
9124
9138
9122
9152
9120
9152
9110
9146
9116
9128
9139
9152
9141
9132
9139
9165
9142
9117
9102
9135
9151
9103
9129
9117
9121
9124
9116
9132
9126
9125
9134
9129
9153
9142
9129
9123
9138
9121
9162
9123
9149
9107
9163
9127
9128
9132
9147
9146
9119
9147
9147
9142
9136
9145
9113
9118
9134
9151
9153
9189
9137
9150
9118
9136
9172
9146
9116
9124
9136
9136
9155
9158
9158
9119
9107
9164
9154
9123
9119
9116
9136
9110
9131
9151
9131
9102
9097
9108
9137
9127
9119
9109
9136
9128
9120
9084
9108
9115
9131
9130
9130
9139
9110
9127
9110
9128
9078
9116
9136
9124
9095
9098
9099
9085
9116
9083
9077
9084
9060
9102
9083
9106
9120
9113
9097
9102
9104
9114
9109
9084
9095
9103
9077
9089
9080
9106
9082
9110
9057
9055
9060
9092
9036
9072
9057
9085
9088
9084
9105
9069
9070
9039
9081
9059
9072
9081
9086
9060
9070
9066
9056
9064
9040
9086
9067
9059
9047
9066
9020
9078
9072
9055
9054
9022
9042
9033
9037
9065
9059
9062
9061
9092
9031
9047
9036
9052
9027
9053
9018
9101
9047
9084
9038
9043
9042
9041
9071
9068
9056
9053
9072
9054
9066
9081
9046
9050
9025
9056
9021
9051
9058
9055
9050
9020
9039
9046
9038
9055
9039
9011
9072
9083
9069
9025
9030
9040
9036
9056
9017
8994
9021
9050
8978
9018
9026
9030
9016
9029
9011
9055
9047
9039
9004
9038
9022
9054
9068
9069
9038
9026
9027
9035
9036
9057
9042
9043
9039
9053
9043
9069
9046
9058
9055
9067
9061
9072
9054
9096
9090
9073
9039
9055
9084
9057
9053
9064
9058
9068
9089
9055
9037
9054
9073
9073
9053
9053
9086
9090
9047
9051
9077
9056
9093
9078
9030
9067
9062
9042
9032
9024
9040
9055
9066
9051
9079
9072
9073
9092
9058
9044
9031
9043
9032
9027
9043
9036
9059
9047
9060
9084
9063
9048
9059
9011
9066
9069
9046
9072
9031
9041
9053
9027
9054
9061
9073
9092
9084
9044
9084
9080
9074
9067
9054
9071
9072
9041
9070
9048
9032
9050
9066
9069
9089
9088
9091
9102
9072
9090
9096
9107
9108
9055
9067
9107
9090
9086
9072
9089
9097
9122
9062
9087
9061
9063
9082
9070
9070
9078
9099
9135
9085
9082
9073
9094
9072
9114
9139
9128
9148
9062
9101
9097
9093
9078
9066
9074
9098
9094
9071
9104
9065
9077
9116
9099
9127
9105
9105
9064
9108
9102
9081
9094
9128
9091
9070
9085
9074
9084
9097
9086
9127
9128
9124
9132
9119
9113
9115
9113
9131
9117
9110
9090
9086
9040
9078
9107
9114
9086
9119
9103
9111
9099
9103
9121
9113
9143
9138
9129
9103
9102
9116
9101
9133
9119
9157
9150
9122
9114
9143
9136
9158
9176
9131
9160
9113
9124
9137
9143
9117
9150
9135
9100
9118
9109
9134
9131
9127
9139
9100
9119
9125
9146
9081
9112
9136
9175
9115
9104
9088
9119
9167
9159
9106
9123
9141
9133
9128
9165
9150
9129
9141
9136
9138
9161
9160
9159
9144
9153
9170
9194
9164
9136
9137
9137
9148
9138
9140
9141
9137
9131
9138
9160
9145
9155
9148
9135
9165
9136
9137
9115
9155
9142
9157
9149
9170
9170
9177
9157
9203
9148
9162
9167
9169
9150
9132
9149
9173
9156
9213
9180
9142
9151
9150
9161
9186
9191
9170
9178
9190
9192
9179
9175
9151
9143
9188
9194
9181
9229
9180
9207
9210
9180
9217
9187
9190
9186
9187
9174
9195
9156
9206
9159
9202
9196
9191
9169
9202
9146
9203
9178
9216
9207
9202
9212
9212
9178
9218
9190
9205
9235
9212
9241
9219
9235
9222
9205
9197
9212
9239
9214
9214
9259
9252
9267
9254
9223
9235
9204
9224
9230
9215
9251
9243
9234
9239
9240
9262
9256
9248
9271
9266
9251
9253
9228
9243
9247
9241
9240
9242
9251
9242
9250
9249
9238
9266
9281
9284
9291
9264
9262
9272
9305
9287
9295
9282
9291
9290
9305
9278
9269
9272
9279
9277
9274
9257
9277
9274
9259
9293
9270
9271
9282
9276
9276
9278
9280
9288
9282
9303
9284
9270
9291
9305
9295
9297
9299
9302
9309
9316
9288
9302
9306
9297
9305
9293
9315
9325
9307
9299
9308
9304
9304
9309
9291
9300
9298
9318
9308
9309
9299
9307
9315
9306
9305
9291
9303
9303
9289
9306
9308
9313
9313
9303
9304
9310
9309
9314
9312
9317
9315
9312
9305
9322
9332
9323
9329
9320
9318
9318
9325
9328
9327
9316
9318
9326
9322
9320
9311
9317
9319
9330
9314
9328
9325
9313
9323
9319
9316
9314
9314
9333
9337
9334
9335
9327
9327
9327
9327
9327
9327
9327
9327
9327
9327
9327
9327
9327
9327
9327
9327
9327
9327
9327
9327
9327
9327
9327
9327
9327
9327
9327
9327
9327
9327
9327
9327
9327
9327
9327
9327
9327
9327
9327
9327
9327
9327
9327
9327
9327
9327
9327
9327
9327
9327
9327
9327
9327
9327
9327
9327
9327
9327
9327
