1200
1200
1200
1200
1200
1200
1200
1202
1202
1204
1206
1204
1206
1208
1210
1212
1210
1214
1214
1210
1212
1212
1212
1214
1216
1214
1218
1224
1222
1216
1216
1222
1220
1222
1224
1250
1234
1238
1238
1244
1242
1244
1248
1246
1246
1246
1250
1248
1252
1254
1258
1258
1260
1264
1270
1274
1270
1262
1274
1274
1292
1290
1294
1298
1302
1310
1310
1312
1314
1322
1320
1338
1332
1328
1334
1346
1342
1350
1360
1360
1360
1376
1372
1386
1378
1380
1374
1378
1384
1382
1394
1390
1408
1398
1398
1414
1416
1416
1410
1418
1416
1430
1428
1444
1434
1442
1456
1456
1470
1476
1468
1468
1460
1474
1452
1474
1470
1492
1496
1492
1468
1512
1496
1520
1510
1502
1514
1526
1520
1518
1520
1524
1526
1538
1536
1540
1550
1556
1562
1548
1554
1578
1564
1582
1578
1590
1582
1600
1594
1600
1594
1602
1594
1622
1612
1610
1618
1614
1608
1612
1636
1628
1628
1626
1650
1664
1672
1642
1654
1658
1658
1650
1650
1660
1652
1680
1684
1672
1688
1696
1706
1704
1724
1720
1722
1746
1740
1732
1754
1746
1738
1718
1770
1746
1730
1746
1756
1754
1772
1762
1754
1790
1802
1772
1784
1796
1846
1826
1812
1838
1818
1800
1812
1828
1822
1826
1838
1854
1872
1844
1850
1900
1850
1882
1848
1894
1892
1896
1884
1906
1908
1880
1888
1890
1888
1888
1934
1912
1934
1952
1980
1962
1928
1936
1982
1964
1954
2010
2034
1934
2002
2000
1970
2008
2000
2324
2002
2018
2066
2026
2596
2022
2238
2538
2016
2514
1992
2072
2380
2032
2078
2026
2056
1990
2084
2662
2002
2064
2620
2046
2200
2098
2050
2096
2580
2072
2132
2102
2138
2104
2192
2134
2116
2346
2132
2446
2458
2112
2586
2142
2424
2146
2130
2520
2208
2234
2118
2134
2616
2328
2148
2100
2098
2214
2580
2596
2468
2490
2554
2524
2162
2216
2194
2566
2156
2194
2460
2378
2662
2502
2254
2216
2246
2466
2574
2212
2202
2220
2228
2622
2626
2292
2254
2320
2304
2716
2262
2584
2678
2256
2278
2642
2246
2282
2244
2582
2530
2656
2586
2360
2332
2334
2658
2356
2320
2280
2656
2564
2266
2684
2700
2312
2624
2322
2658
2318
2304
2696
2464
2550
2628
2450
2642
2634
2378
2600
2656
2364
2530
2536
2616
2654
2524
2420
2672
2624
2370
2328
2490
2634
2382
2600
2626
2368
2598
2656
2680
2454
2524
2474
2662
2416
2676
2568
2462
2470
2628
2400
2466
2642
2414
2630
2512
2508
2692
2476
2436
2684
2494
2424
2550
2504
2676
2618
2474
2448
2494
2468
2494
2498
2464
2612
2642
2566
2576
2554
2550
2594
2568
2556
2552
2518
2574
2578
2514
2540
2600
2686
2592
2678
2636
2554
2566
2630
2632
2562
2602
2582
2598
2588
2622
2682
2636
2594
2570
2702
2622
2628
2658
2634
2634
2626
2714
2606
2638
2684
2586
2686
2692
2722
2686
2696
2648
2708
2676
2702
2666
2692
2712
2758
2710
2692
2656
2702
2718
2668
2644
2702
2634
2618
2640
2642
2554
2634
2622
2586
2630
2632
2608
2576
2564
2576
2590
2534
2550
2612
2586
2542
2584
2600
2600
2530
2556
2528
2522
2520
2528
2500
2530
2492
2514
2474
2450
2542
2464
2520
2426
2454
2416
2522
2456
2458
2446
2444
2462
2470
2444
2384
2410
2368
2394
2402
2416
2326
2388
2350
2344
2370
2372
2324
2366
2342
2316
2360
2326
2338
2356
2278
2326
2312
2372
2324
2272
2336
2380
2240
2206
2350
2290
2318
2270
2284
2246
2254
2228
2260
2222
2194
2210
2142
2184
2156
2214
2170
2202
2160
2184
2146
2168
2200
2178
2166
2096
2150
2102
2150
2206
2168
2072
2134
2102
2088
2192
2108
2124
2108
2108
2072
2002
2104
2044
2032
2026
2058
2040
2044
2066
2030
1950
1968
1974
1960
1946
1990
1930
1988
1980
1920
1982
1954
1924
1898
1920
1950
1948
1946
1908
1916
1928
1882
1884
1862
1920
1874
1894
1868
1858
1894
1856
1866
1822
1866
1872
1852
1906
1832
1834
1810
1820
1838
1826
1860
1836
1808
1798
1770
1802
1810
1824
1748
1838
1768
1760
1732
1806
1750
1724
1722
1728
1746
1728
1754
1758
1756
1730
1728
1676
1724
1728
1730
1694
1646
1694
1658
1686
1676
1698
1654
1656
1668
1618
1646
1626
1636
1664
1612
1610
1590
1610
1618
1626
1628
1614
1520
1584
1602
1560
1528
1534
1570
1558
1562
1512
1500
1556
1532
1516
1500
1492
1502
1534
1464
1478
1512
1470
1474
1474
1466
1496
1436
1456
1432
1450
1484
1420
1434
1470
1444
1450
1430
1370
1384
1440
1436
1440
1438
1404
1380
1380
1374
1364
1358
1398
1368
1332
1344
1344
1376
1368
1340
1302
1362
1362
1322
1318
1308
1274
1290
1278
1310
1300
1266
1282
1300
1296
1282
1246
1244
1254
1250
1226
1244
1228
1230
1240
1252
1220
1230
1200
1230
1178
1216
1200
1200
1204
1194
1198
1172
1166
1146
1180
1170
1156
1146
1124
1130
1144
1140
1120
1118
1110
1140
1096
1128
1116
1140
1104
1110
1110
1100
1102
1072
1072
1078
1070
1064
1072
1072
1058
1074
1064
1050
1066
1056
1040
1046
1038
1036
1028
1052
1032
1024
1008
990
992
994
1002
996
986
972
968
988
978
964
976
960
966
962
962
950
942
932
944
942
928
942
928
924
918
918
912
908
904
904
910
894
896
896
892
888
882
886
882
884
878
868
880
866
868
862
854
846
854
852
848
844
844
838
836
836
834
832
828
820
818
828
824
824
820
818
818
816
812
812
808
806
802
800
800
798
794
794
794
788
786
784
780
776
776
776
772
764
768
766
756
752
754
752
752
754
748
752
748
746
742
740
738
734
732
730
728
728
720
720
716
714
710
714
706
704
700
704
700
698
700
700
700
700
700
