1800
1800
1800
1800
1800
1800
1800
1803
1803
1806
1808
1805
1809
1812
1814
1816
1814
1820
1819
1814
1818
1818
1818
1821
1823
1821
1827
1834
1833
1824
1824
1832
1830
1833
1835
1866
1848
1854
1853
1861
1859
1862
1866
1865
1864
1864
1869
1868
1873
1876
1882
1882
1885
1892
1901
1905
1900
1892
1906
1908
1933
1930
1937
1941
1946
1958
1954
1960
1962
1974
1971
1994
1989
1980
1988
2008
2001
2012
2025
2025
2028
2046
2043
2063
2053
2053
2050
2054
2061
2055
2077
2070
2098
2084
2087
2101
2107
2108
2097
2108
2103
2131
2127
2149
2134
2146
2167
2170
2187
2195
2187
2186
2175
2197
2164
2196
2191
2225
2225
2226
2187
2245
2224
2260
2247
2234
2253
2271
2259
2253
2261
2264
2272
2293
2284
2294
2309
2314
2319
2306
2313
2346
2323
2353
2348
2361
2348
2376
2364
2374
2368
2383
2364
2414
2391
2393
2408
2394
2385
2400
2434
2412
2419
2407
2445
2466
2485
2436
2459
2461
2465
2443
2455
2464
2460
2495
2499
2485
2501
2524
2529
2537
2563
2552
2559
2589
2586
2571
2603
2596
2589
2554
2633
2601
2575
2595
2607
2602
2623
2617
2605
2657
2674
2633
2643
2663
2727
2704
2691
2720
2703
2675
2701
2707
2702
2714
2728
2757
2769
2737
2744
2816
2747
2796
2744
2815
2804
2812
2793
2835
2829
2788
2799
2802
2795
2792
2874
2841
2866
2900
2932
2905
2854
2866
2941
2910
2891
2974
3018
2859
2966
2962
2910
2970
2967
3412
2969
2993
3047
3006
3817
3001
3299
3748
2993
3705
2947
3078
3516
3006
3079
2999
3050
2954
3085
3917
2964
3057
3849
3029
3246
3109
3041
3104
3806
3064
3149
3113
3157
3100
3249
3157
3128
3463
3149
3613
3628
3124
3813
3153
3573
3165
3151
3721
3272
3302
3140
3150
3868
3435
3184
3102
3102
3266
3787
3829
3640
3677
3764
3728
3201
3280
3254
3774
3184
3243
3630
3514
3917
3693
3328
3270
3317
3633
3804
3275
3252
3282
3295
3858
3869
3385
3339
3423
3401
4005
3339
3799
3946
3327
3367
3899
3318
3374
3320
3813
3728
3904
3811
3486
3455
3447
3917
3472
3419
3365
3919
3777
3357
3953
3990
3416
3866
3428
3914
3435
3404
3997
3646
3762
3882
3623
3889
3875
3523
3835
3912
3487
3732
3734
3856
3903
3741
3572
3929
3879
3499
3440
3669
3882
3508
3834
3872
3496
3819
3917
3946
3625
3716
3655
3938
3566
3952
3784
3637
3652
3869
3538
3640
3894
3561
3867
3705
3703
3975
3659
3587
3939
3688
3577
3765
3697
3940
3867
3655
3613
3676
3642
3678
3682
3642
3857
3900
3790
3800
3770
3763
3827
3794
3783
3763
3716
3792
3809
3697
3742
3827
3952
3829
3954
3881
3771
3785
3880
3881
3784
3830
3805
3820
3812
3872
3961
3879
3811
3784
3981
3872
3876
3923
3893
3872
3862
3999
3843
3901
3945
3812
3964
3970
4007
3965
3976
3889
3992
3945
3978
3918
3978
4002
4071
3997
3961
3915
3990
4013
3930
3894
3976
3902
3867
3892
3902
3759
3878
3864
3817
3885
3901
3838
3790
3769
3796
3816
3741
3766
3850
3815
3749
3805
3828
3829
3729
3769
3733
3716
3712
3731
3681
3736
3680
3720
3644
3599
3748
3610
3710
3573
3630
3567
3721
3635
3623
3613
3594
3635
3642
3602
3507
3556
3495
3521
3542
3562
3435
3531
3458
3452
3489
3487
3428
3493
3463
3420
3491
3446
3453
3464
3366
3426
3398
3495
3424
3342
3447
3510
3296
3256
3466
3381
3418
3352
3374
3315
3323
3285
3338
3276
3229
3262
3167
3220
3174
3266
3199
3247
3181
3228
3166
3192
3243
3207
3201
3087
3163
3097
3172
3248
3192
3058
3154
3097
3086
3237
3111
3136
3116
3115
3062
2959
3099
3022
3001
2993
3021
3009
3024
3040
2979
2875
2914
2910
2896
2875
2939
2849
2930
2922
2825
2925
2878
2829
2804
2838
2870
2877
2861
2819
2831
2848
2772
2777
2749
2838
2774
2801
2760
2743
2794
2747
2750
2687
2757
2750
2726
2810
2700
2709
2678
2689
2708
2697
2740
2710
2654
2662
2613
2654
2668
2706
2581
2707
2610
2593
2552
2659
2581
2544
2541
2550
2578
2550
2581
2599
2591
2552
2554
2478
2536
2559
2556
2502
2431
2509
2451
2495
2469
2503
2432
2440
2458
2385
2434
2400
2415
2455
2374
2381
2350
2379
2387
2409
2394
2382
2254
2335
2361
2309
2256
2263
2316
2312
2304
2238
2216
2297
2267
2238
2218
2204
2221
2268
2164
2189
2237
2177
2173
2186
2176
2217
2128
2153
2126
2141
2200
2096
2121
2174
2126
2139
2117
2022
2041
2124
2130
2134
2124
2079
2040
2038
2037
2017
2009
2062
2019
1971
1991
1986
2038
2021
1982
1919
2012
2014
1953
1948
1936
1892
1911
1882
1939
1922
1877
1904
1925
1920
1901
1845
1834
1849
1854
1818
1836
1821
1819
1828
1848
1807
1810
1761
1818
1742
1794
1776
1774
1772
1765
1770
1735
1726
1696
1741
1718
1709
1696
1667
1674
1690
1687
1654
1654
1642
1688
1619
1669
1648
1684
1627
1643
1638
1618
1629
1590
1589
1591
1585
1576
1582
1588
1564
1585
1571
1550
1573
1557
1536
1542
1530
1522
1517
1554
1524
1512
1485
1463
1471
1471
1485
1472
1460
1444
1436
1460
1444
1432
1448
1416
1430
1421
1421
1406
1395
1387
1397
1393
1373
1397
1373
1368
1361
1361
1346
1346
1341
1340
1347
1328
1332
1329
1322
1319
1312
1316
1310
1310
1305
1288
1304
1281
1291
1280
1269
1262
1268
1269
1260
1255
1254
1247
1244
1244
1242
1239
1233
1221
1218
1233
1226
1227
1222
1219
1217
1215
1210
1210
1203
1202
1196
1193
1191
1188
1184
1183
1184
1176
1173
1168
1162
1158
1157
1157
1152
1142
1147
1144
1129
1125
1128
1125
1125
1128
1120
1122
1118
1116
1111
1108
1104
1099
1097
1094
1090
1090
1079
1078
1074
1071
1065
1069
1059
1056
1050
1054
1050
1047
1050
1050
1050
1050
1050
