0
0
783
1315
1988
2733
3490
4268
5103
5919
6766
7615
8486
9361
10228
11081
11976
12871
13786
14706
15614
16542
17478
18404
19336
20272
21185
22114
23040
23952
24889
25829
26771
27709
28661
29616
30572
31539
32514
33483
34445
35402
36356
37310
38285
39245
40208
41168
42126
43094
44059
45012
45975
46944
47905
48876
49858
50822
51786
52759
53738
54701
55678
56652
57632
58614
59590
60572
61546
62529
63507
64485
65470
66447
67436
68414
69403
70383
71366
72346
73340
74329
75314
76301
77285
78267
79259
80241
81238
82221
83215
84202
85196
86192
87182
88177
89165
90155
91138
92127
93116
94106
95097
96091
97089
98078
99071
100060
101054
102051
103045
104039
105028
106021
107014
108003
108995
109985
110976
111970
112963
113950
114943
115939
116934
117922
118918
119912
120910
121904
122899
123896
124888
125884
126876
127867
128859
129856
130853
131846
132842
133837
134832
135828
136824
137818
138813
139811
140803
141799
142794
143789
144788
145784
146780
147777
148772
149770
150767
151761
152757
153752
154748
155745
156741
157733
158728
159725
160722
161715
162713
163704
164699
165697
166694
167688
168687
169683
170680
171677
172675
173673
174669
175665
176661
177657
178656
179655
180651
181648
182647
183646
184644
185641
186640
187635
188631
189627
190625
191621
192619
193617
194614
195610
196606
197602
198601
199600
200600
201596
202596
203595
204593
205592
206588
207587
208586
209586
210584
211584
212582
213582
214582
215580
216575
217573
218572
219570
220565
221561
222559
223557
224555
225553
226549
227548
228545
229543
230541
231540
232539
233538
234537
235536
236533
237530
238530
239530
240529
241528
242528
243528
244527
245526
246523
247520
248520
249519
250519
251518
252518
253517
254517
255516
256515
257514
258514
259513
260512
261512
262511
263509
264507
265505
266505
267505
268504
269504
270503
271502
272500
273500
274500
275500
276499
277497
278497
279497
280497
281496
282496
283496
284496
285491
286491
287490
288490
289489
290489
291489
292489
293488
294487
295487
296486
297485
298484
299484
300483
301483
302483
303482
304482
305481
306481
307478
308478
309477
310476
311475
312475
313475
314474
315472
316472
317471
318469
319468
320468
321467
322467
323467
324467
325467
326466
327466
328466
329465
330465
331464
332464
333464
334464
335464
336464
337464
338464
339464
340464
341464
342463
343463
344463
345460
346460
347460
348460
349460
350460
351460
352460
353460
354460
355460
356460
357460
358459
359458
360458
361458
362458
363458
364457
365456
366456
367456
368456
369455
370455
371455
372455
373455
374455
375455
376455
377455
378455
379455
380455
381455
382454
383454
384454
385453
386452
387452
388452
389452
390451
391451
392451
393449
394449
395449
396448
397448
398447
399447
400447
401446
402446
403444
404444
405444
406444
407444
408444
409442
410442
411442
412442
413441
414441
415440
416440
417440
418440
419440
420440
421440
422440
423440
424440
425440
426440
427439
428439
429438
430438
431438
432438
433438
434438
435438
436438
437437
438437
439437
440436
441435
442435
443435
444435
445435
446435
447434
448433
449433
450433
451433
452432
453432
454431
455430
456430
457430
458430
459430
460430
461430
462430
463430
464430
465430
466430
467430
468430
469430
470430
471428
472428
473428
474428
475428
476428
477428
478428
479428
480428
481428
482428
483428
484427
485426
486426
487426
488426
489426
490426
491426
492426
493426
494426
495425
496425
497425
498425
499425
500425
501425
502425
503425
504425
505425
506424
507424
508424
509424
510424
511424
512424
513424
514424
515424
516424
517424
518424
519423
520422
521422
522422
523422
524422
525422
526422
527422
528422
529422
530422
531421
532421
533421
534420
535419
536419
537419
538419
539419
540419
541419
542419
543419
544419
545419
546419
547419
548419
549419
550419
551419
552419
553418
554418
555417
556417
557417
558417
559415
