0
0
807
1424
2168
2982
3785
4625
5512
6380
7266
8176
9100
10018
10931
11816
12742
13670
14612
15536
16476
17433
18392
19328
20273
21234
22188
23114
24067
24979
25931
26897
27837
28804
29766
30736
31704
32666
33633
34605
35564
36526
37487
38436
39417
40377
41346
42314
43291
44270
45236
46185
47150
48125
49099
50072
51048
52009
52969
53957
54935
55893
56866
57838
58811
59786
60771
61749
62725
63711
64684
65656
66637
67613
68599
69582
70561
71546
72530
73513
74488
75477
76453
77438
78421
79411
80395
81379
82374
83360
84349
85335
86322
87313
88305
89290
90285
91284
92273
93260
94251
95239
96233
97224
98212
99205
100200
101189
102174
103163
104157
105149
106133
107120
108107
109099
110094
111082
112068
113051
114039
115030
116024
117015
118002
118996
119988
120972
121969
122962
123953
124945
125938
126927
127922
128909
129903
130899
131889
132883
133869
134859
135854
136847
137836
138830
139822
140816
141809
142796
143792
144784
145778
146772
147767
148760
149750
150745
151742
152734
153725
154712
155704
156699
157688
158680
159673
160665
161656
162651
163641
164626
165618
166609
167598
168594
169591
170581
171575
172565
173553
174549
175538
176529
177519
178514
179511
180505
181501
182499
183497
184492
185483
186479
187473
188462
189455
190448
191438
192435
193428
194423
195416
196409
197405
198405
199400
200397
201394
202390
203388
204385
205383
206381
207374
208370
209364
210364
211363
212359
213356
214354
215350
216348
217347
218345
219340
220337
221325
222319
223314
224312
225306
226300
227298
228293
229288
230282
231278
232274
233269
234267
235265
236260
237253
238251
239251
240250
241248
242239
243236
244233
245229
246225
247222
248213
249209
250204
251198
252198
253194
254193
255189
256185
257184
258179
259176
260174
261174
262173
263172
264169
265166
266164
267161
268159
269157
270156
271156
272147
273137
274129
275123
276122
277118
278109
279105
280105
281103
282100
283098
284094
285094
286091
287083
288082
289079
290079
291075
292073
293072
294070
295068
296067
297065
298062
299060
300059
301054
302048
303048
304047
305046
306041
307037
308030
309027
310024
311020
312018
313016
314013
315011
316010
317006
318006
318999
319997
320995
321991
322987
323984
324981
325981
326981
327980
328979
329977
330975
331974
332973
333969
334967
335967
336965
337962
338960
339958
340955
341953
342951
343950
344946
345946
346945
347944
348944
349943
350942
351940
352939
353932
354930
355929
356926
357924
358921
359920
360918
361918
362917
363915
364913
365912
366911
367908
368907
369906
370905
371903
372899
373899
374897
375897
376892
377892
378890
379889
380885
381879
382878
383877
384876
385876
386870
387869
388868
389868
390867
391865
392864
393862
394861
395859
396859
397859
398857
399853
400851
401850
402850
403849
404848
405848
406847
407846
408846
409845
410841
411838
412837
413835
414832
415832
416832
417832
418832
419832
420828
421828
422828
423828
424827
425826
426826
427821
428818
429816
430812
431811
432809
433809
434808
435806
436804
437802
438802
439801
440801
441801
442797
443797
444797
445796
446796
447796
448796
449796
450796
451794
452792
453791
454791
455790
456788
457788
458787
459785
460781
461778
462774
463774
464773
465773
466771
467770
468769
469766
470766
471762
472759
473758
474757
475757
476756
477754
478752
479752
480752
481750
482749
483746
484745
485743
486743
487743
488741
489741
490740
491740
492737
493737
494737
495733
496730
497730
498730
499728
500728
501723
502721
503721
504721
505720
506719
507717
508715
509714
510714
511714
512713
513712
514712
515710
516708
517707
518707
519706
520705
521705
522705
523705
524704
525702
526701
527700
528700
529697
530697
531697
532696
533696
534695
535693
536692
537691
538690
539687
540685
541685
542685
543684
544684
545683
546681
547681
548681
549680
550680
551678
552677
553675
554675
555674
556672
557672
558666
559665
