0.000000
0.000152
0.033338
0.104107
0.153660
0.192908
0.227459
0.259585
0.285195
0.313078
0.337324
0.357024
0.375511
0.394908
0.416427
0.436581
0.453402
0.468556
0.483407
0.495378
0.510229
0.522958
0.533566
0.545689
0.555387
0.564783
0.576299
0.587816
0.597969
0.609486
0.621003
0.629489
0.640552
0.649341
0.656160
0.661615
0.667222
0.673132
0.679194
0.685407
0.692378
0.698288
0.704046
0.711623
0.715108
0.722534
0.727231
0.732838
0.738900
0.743143
0.748295
0.754205
0.759206
0.763297
0.770571
0.775572
0.778603
0.782694
0.787695
0.790877
0.794211
0.799818
0.803304
0.808153
0.811184
0.814063
0.818003
0.821488
0.826337
0.828913
0.831490
0.834217
0.838309
0.841946
0.845583
0.849674
0.851038
0.853766
0.855433
0.858463
0.860736
0.863010
0.864676
0.865737
0.867404
0.869374
0.870890
0.872860
0.874072
0.875890
0.877557
0.878770
0.880285
0.881952
0.882861
0.883922
0.884528
0.885589
0.887559
0.888468
0.889983
0.891499
0.893014
0.893772
0.895287
0.896954
0.898166
0.900136
0.901197
0.902561
0.903925
0.904834
0.907107
0.908774
0.910441
0.912108
0.912563
0.914381
0.915290
0.917715
0.918624
0.919382
0.920594
0.921200
0.921958
0.922109
0.922564
0.923473
0.924534
0.924989
0.926049
0.926959
0.927868
0.928777
0.929686
0.930141
0.930899
0.932111
0.933323
0.934081
0.934687
0.935445
0.935899
0.936506
0.937112
0.937566
0.938324
0.939082
0.939385
0.940294
0.940900
0.941506
0.941809
0.942719
0.943325
0.943779
0.943931
0.944386
0.944689
0.945295
0.945901
0.946810
0.947113
0.947719
0.948932
0.949386
0.949992
0.950144
0.950447
0.950599
0.951205
0.951659
0.951811
0.952417
0.952720
0.953478
0.953629
0.954539
0.955145
0.955751
0.956509
0.956812
0.957569
0.958175
0.958782
0.959691
0.960145
0.960752
0.960903
0.961358
0.961509
0.961964
0.962419
0.963176
0.963328
0.963782
0.964237
0.964692
0.964843
0.965298
0.965752
0.966055
0.966207
0.966359
0.966813
0.967116
0.967268
0.967268
0.967571
0.967874
0.967874
0.968177
0.968480
0.968632
0.969086
0.969238
0.969238
0.969389
0.969692
0.969844
0.969995
0.970147
0.970299
0.970299
0.970602
0.970905
0.971208
0.971511
0.972117
0.972572
0.972572
0.972875
0.973178
0.973329
0.973632
0.973784
0.973935
0.974239
0.974390
0.974542
0.974693
0.974693
0.974996
0.974996
0.975602
0.976209
0.976209
0.976512
0.976815
0.976815
0.977421
0.977421
0.977572
0.977572
0.977724
0.978027
0.978027
0.978330
0.978330
0.978633
0.978785
0.978785
0.978936
0.978936
0.978936
0.979088
0.979239
0.979391
0.979391
0.979694
0.979845
0.979997
0.980300
0.980452
0.980755
0.980906
0.980906
0.980906
0.981058
0.981058
0.981058
0.981815
0.981967
0.982119
0.982119
0.982573
0.982573
0.982573
0.983028
0.983028
0.983028
0.983028
0.983179
0.983179
0.983331
0.983634
0.983785
0.983937
0.984088
0.984240
0.984240
0.984240
0.984543
0.984543
0.985149
0.985452
0.985604
0.985755
0.986058
0.986513
0.986665
0.986816
0.986816
0.986816
0.986816
0.987119
0.987574
0.988028
0.988028
0.988028
0.988028
0.988180
0.988332
0.988483
0.988483
0.988635
0.988635
0.988635
0.988635
0.988938
0.988938
0.989089
0.989089
0.989089
0.989089
0.989695
0.989695
0.989998
0.990453
0.990453
0.990453
0.990453
0.990908
0.990908
0.991059
0.991059
0.991362
0.991362
0.991665
0.991665
0.991968
0.991968
0.992120
0.992272
0.992272
0.992272
0.992272
0.992272
0.992423
0.992423
0.992423
0.992423
0.992423
0.992423
0.992423
0.992726
0.992726
0.992726
0.992726
0.992726
0.992878
0.992878
0.992878
0.993181
0.993181
0.993332
0.993332
0.993332
0.993484
0.993635
0.993787
0.993787
0.993787
0.993787
0.993938
0.993938
0.994090
0.994090
0.994242
0.994242
0.994242
0.994242
0.994242
0.994242
0.994242
0.994242
0.994242
0.994545
0.994545
0.994545
0.994545
0.994545
0.994696
0.994696
0.994696
0.995151
0.995151
0.995151
0.995151
0.995151
0.995302
0.995302
0.995302
0.995454
0.995454
0.995454
0.995454
0.995454
0.995454
0.995454
0.995454
0.995454
0.995454
0.995454
0.995454
0.995454
0.995454
0.995605
0.995605
0.995605
0.995605
0.995605
0.995757
0.995757
0.995757
0.995908
0.995908
0.995908
0.995908
0.995908
0.995908
0.995908
0.995908
0.995908
0.995908
0.995908
0.995908
0.995908
0.995908
0.995908
0.995908
0.995908
0.995908
0.995908
0.995908
0.995908
0.995908
0.995908
0.995908
0.995908
0.995908
0.995908
0.995908
0.995908
0.995908
0.995908
0.996060
0.996212
0.996212
0.996363
0.996363
0.996363
0.996515
0.996515
0.996515
0.996515
0.996515
0.996515
0.996515
0.996515
0.996666
0.996666
0.996666
0.996666
0.996666
0.996666
0.996969
0.996969
0.996969
0.996969
0.996969
0.996969
0.996969
0.997121
0.997121
0.997121
0.997121
0.997121
0.997121
0.997121
0.997121
0.997121
0.997121
0.997121
0.997121
0.997121
0.997121
0.997121
0.997121
0.997121
0.997121
0.997272
0.997272
0.997272
0.997272
0.997424
0.997424
0.997424
0.997424
0.997424
0.997424
0.997424
0.997424
0.997424
0.997424
0.997575
0.997575
0.997727
0.997727
0.997727
0.997727
0.997727
0.997727
0.997727
0.997727
0.997727
0.997727
0.997727
0.997727
0.997727
0.997727
0.997727
0.997727
0.997727
0.997727
0.997727
0.997727
0.997878
0.997878
0.997878
0.997878
0.997878
0.997878
0.997878
0.997878
0.997878
0.997878
0.997878
0.997878
0.997878
0.997878
0.997878
0.998030
0.998030
0.998030
0.998030
0.998030
0.998182
