0.000000
0.000152
0.029398
0.087437
0.126231
0.154417
0.184270
0.208516
0.225640
0.245643
0.262919
0.276557
0.288074
0.300500
0.313684
0.331111
0.342325
0.353235
0.362025
0.373541
0.382634
0.389150
0.395363
0.405061
0.413396
0.419306
0.426277
0.437491
0.444613
0.457948
0.465222
0.470374
0.479467
0.484467
0.490226
0.494772
0.499621
0.505380
0.510380
0.514623
0.520836
0.526595
0.532505
0.540233
0.543113
0.549174
0.553872
0.558721
0.562206
0.565389
0.570541
0.578269
0.583573
0.587362
0.591302
0.595393
0.599030
0.604940
0.611002
0.612820
0.616154
0.622519
0.626610
0.630853
0.634945
0.638733
0.641006
0.644340
0.647977
0.650098
0.654190
0.658433
0.661312
0.664949
0.667071
0.669647
0.672829
0.675102
0.677527
0.680103
0.683891
0.685558
0.689195
0.691468
0.694045
0.695560
0.697985
0.700409
0.701167
0.703288
0.704955
0.707077
0.709047
0.710411
0.711623
0.713896
0.714654
0.714805
0.716472
0.718442
0.719806
0.721624
0.722534
0.723898
0.725716
0.726777
0.727534
0.729201
0.731474
0.733141
0.734051
0.735263
0.737688
0.739658
0.741628
0.742840
0.743598
0.745416
0.747538
0.750114
0.751932
0.753296
0.754205
0.755569
0.757539
0.758448
0.759661
0.762085
0.762540
0.763601
0.764964
0.766177
0.767237
0.768904
0.769662
0.771632
0.772541
0.773147
0.774663
0.775572
0.777694
0.779209
0.779967
0.781027
0.782694
0.783604
0.784816
0.785725
0.786786
0.788756
0.789362
0.790574
0.791484
0.792393
0.793150
0.794211
0.795727
0.796484
0.796939
0.798151
0.799515
0.801485
0.802697
0.803455
0.805122
0.806334
0.807395
0.808607
0.809971
0.810729
0.812244
0.814517
0.815730
0.817093
0.818760
0.819367
0.819821
0.821337
0.822246
0.823761
0.825580
0.826186
0.827853
0.829217
0.830732
0.831490
0.831944
0.832853
0.833460
0.833763
0.834066
0.834823
0.836187
0.836793
0.837703
0.839370
0.840430
0.841491
0.843007
0.843461
0.844522
0.845280
0.846340
0.847401
0.848007
0.848007
0.848765
0.849220
0.849674
0.850280
0.850583
0.851038
0.851341
0.851644
0.852705
0.853311
0.854220
0.854220
0.854372
0.854978
0.855433
0.855736
0.856342
0.856645
0.856796
0.857100
0.857857
0.858312
0.860130
0.861040
0.861797
0.862100
0.863010
0.863919
0.864222
0.864980
0.865737
0.866646
0.867253
0.867859
0.868616
0.868920
0.869223
0.869980
0.871041
0.871344
0.871344
0.871496
0.871799
0.873163
0.873617
0.874072
0.874678
0.875284
0.875739
0.877103
0.877709
0.878466
0.879376
0.879376
0.879982
0.880133
0.880740
0.881346
0.881497
0.882255
0.882710
0.883013
0.883013
0.883164
0.883316
0.883770
0.884225
0.884528
0.884983
0.885286
0.885589
0.885740
0.885740
0.887104
0.888619
0.889832
0.890741
0.890893
0.891499
0.892863
0.893469
0.893469
0.893772
0.894226
0.894529
0.895136
0.895136
0.895590
0.896803
0.896954
0.897409
0.897409
0.898015
0.898318
0.898469
0.898773
0.899076
0.899227
0.899530
0.899985
0.900288
0.900439
0.901197
0.902106
0.902106
0.902258
0.902409
0.903167
0.903773
0.904834
0.905289
0.905743
0.906349
0.906653
0.906956
0.907410
0.907713
0.907865
0.908471
0.908471
0.909532
0.909835
0.910138
0.910744
0.911350
0.911805
0.912259
0.912259
0.912259
0.912411
0.912563
0.912866
0.913169
0.913320
0.913472
0.914078
0.914381
0.914381
0.914684
0.915139
0.915442
0.915745
0.916199
0.916503
0.916806
0.916957
0.917563
0.917563
0.917715
0.917866
0.917866
0.918018
0.918169
0.918472
0.918624
0.919685
0.919988
0.920139
0.920594
0.920897
0.921352
0.921503
0.921806
0.921806
0.921958
0.922261
0.922564
0.922716
0.922867
0.923322
0.923473
0.923625
0.923776
0.924079
0.924686
0.924686
0.924989
0.924989
0.925746
0.925746
0.926049
0.926201
0.926807
0.927716
0.927868
0.928019
0.928171
0.928171
0.929080
0.929232
0.929383
0.929383
0.929535
0.929838
0.929989
0.930292
0.930444
0.930747
0.930747
0.930747
0.931050
0.931656
0.931959
0.932111
0.932111
0.932262
0.932414
0.932414
0.932566
0.932717
0.932717
0.932869
0.933475
0.933929
0.934081
0.934384
0.934839
0.934839
0.934839
0.934839
0.934839
0.934839
0.935445
0.935445
0.935445
0.935445
0.935596
0.935748
0.935748
0.936506
0.936960
0.937263
0.937869
0.938021
0.938324
0.938324
0.938476
0.938779
0.939082
0.939385
0.939385
0.939536
0.939536
0.939536
0.940142
0.940142
0.940142
0.940294
0.940294
0.940294
0.940294
0.940294
0.940294
0.940597
0.940900
0.941052
0.941052
0.941203
0.941506
0.941506
0.941658
0.941961
0.942567
0.943022
0.943628
0.943628
0.943779
0.943779
0.944082
0.944234
0.944386
0.944840
0.944840
0.945446
0.945901
0.946052
0.946204
0.946204
0.946356
0.946659
0.946962
0.946962
0.946962
0.947265
0.947416
0.947871
0.948022
0.948326
0.948326
0.948326
0.948629
0.948629
0.948780
0.948780
0.949235
0.949235
0.949235
0.949841
0.950295
0.950295
0.950295
0.950599
0.950599
0.951356
0.951659
0.951659
0.951659
0.951811
0.951962
0.952265
0.952569
0.952720
0.952720
0.952720
0.952872
0.953023
0.953023
0.953326
0.953629
0.953781
0.953781
0.953932
0.954084
0.954084
0.954084
0.954084
0.954235
0.954539
0.954690
0.954842
0.954842
0.955296
0.955296
0.955296
0.955448
0.955448
0.955599
0.955902
0.956054
0.956205
0.956357
0.956812
0.957115
0.957115
0.957115
0.957266
0.957266
0.957418
0.957721
0.957721
0.957721
0.957872
0.957872
0.958175
0.958327
0.958630
0.958630
0.958782
0.959085
0.959085
0.959994
0.960145
