50266
50266
50266
50266
50266
50266
50265
50266
50267
50269
50267
50268
50269
50271
50269
50270
50271
50273
50271
50272
50274
50275
50276
50278
50276
50277
50278
50280
50278
50279
50280
50281
50282
50283
50285
50286
50287
50288
50289
50290
50291
50292
50294
50295
50296
50297
50298
50283
50266
50225
50174
50117
50101
50047
49992
49977
49940
49852
49779
49747
49680
49641
49569
49529
49492
49462
49417
49382
49390
49352
49315
49277
49252
49205
49192
49204
49161
49106
49069
49020
49013
48979
48952
48909
48867
48841
48797
48799
48760
48746
48657
48580
48517
48424
48363
48287
48196
48133
48046
47977
47954
47877
47837
47752
47670
47599
47528
47459
47382
47311
47206
47105
47014
46926
46835
46785
46705
46622
46562
46465
46356
46240
46131
46052
45953
45883
45800
45652
45552
45424
45343
45224
45151
45090
45050
44981
44975
44935
44880
44814
44710
44586
44521
44489
44353
44321
44268
44127
44137
44064
44015
43907
43833
43752
43660
43636
43579
43507
43418
43388
43247
43200
43125
43048
42936
42759
42674
42532
42435
42292
42260
42157
42058
41928
41788
41698
41602
41340
41161
41012
40807
40646
40481
40365
40292
40080
39892
39767
39698
39498
39270
39039
38819
38579
38464
38363
38259
38253
38080
38038
37870
37709
37583
37580
37418
37259
37157
37105
36921
36785
36569
36499
36461
36330
36105
35914
35824
35708
35307
34958
34946
34687
34694
34531
34451
34304
34067
33876
33594
33393
33179
33031
32812
32570
32335
32167
32100
31882
31643
31446
31246
31224
31002
30809
30593
30408
30104
29908
29649
29642
29379
29343
29144
28878
28611
28410
28093
27816
27626
27400
27061
26915
26630
26408
26158
25885
25606
25342
25377
25336
25161
25129
24916
24674
24458
24481
24270
24001
23864
23619
23576
23430
23179
22725
22550
22114
21936
21769
21568
21164
21104
20919
20622
20514
20307
20116
20162
19927
19740
19525
19319
19302
19103
18980
18741
18755
18560
18434
18146
17805
17612
17748
17464
17478
17189
17133
17264
16964
17070
17021
16733
16806
16645
16382
16301
16022
15818
15676
15500
15384
15191
15106
14906
14651
14610
14339
14172
14215
13985
13918
13589
13377
13265
13325
13102
13065
12761
12676
12549
12524
12373
12184
12108
11977
11884
11909
11579
11515
11463
11393
11420
11071
11312
11014
11108
10780
10522
10643
10291
10223
10268
10018
10137
9942
9717
9571
9566
9398
9408
9249
9028
9042
8982
8984
8789
8666
8608
8478
8325
8268
8226
8080
7972
7917
7842
7531
7593
7518
7457
7258
7139
7030
7001
6897
6856
6760
6698
6588
6421
6404
6509
6393
6285
6214
6174
6063
6034
5901
5780
5742
5800
5742
5717
5589
5480
5342
5294
5240
5108
5080
4936
4960
4915
4885
4795
4773
4758
4651
4589
4549
4452
4368
4283
4240
4263
4155
4143
4166
4066
4106
3904
3950
3973
3839
3828
3900
3855
3798
3618
3633
3608
3638
3617
3623
3549
3504
3299
3421
3298
3437
3318
3260
3353
3326
3247
3256
3267
3210
3210
3223
3193
3149
3160
3174
3123
2993
3039
3028
3064
2996
3038
2990
2937
2974
2951
3005
2948
3007
2902
2962
2912
2996
2887
2947
2866
2908
2863
2830
2873
2755
2945
2821
2796
2773
2812
2953
2875
2803
2736
2802
2822
2692
2718
2823
2695
2738
2720
2712
2621
2722
2594
2590
2599
2728
2736
2725
2700
2758
2690
2634
2566
2645
2649
2738
2617
2656
2600
2539
2612
2677
2648
2440
2512
2529
2548
2543
2489
2449
2481
2425
2478
2434
2450
2339
2299
2447
2368
2370
2310
2358
2336
2325
2345
2346
2358
2311
2367
2327
2388
2236
2276
2282
2327
2400
2346
2348
2339
2355
2290
2244
2317
2271
2355
2245
2272
2241
2214
2153
2204
2165
2177
2116
2191
2112
2182
2175
2179
2191
2169
2164
2114
2129
2151
2115
2108
2011
2063
2021
2069
2083
2085
2036
1960
2000
1984
2026
1991
1974
2000
1955
1951
1996
1980
1961
1938
1943
1897
1825
1849
1860
1912
1868
1817
1830
1775
1846
1828
1800
1727
1809
1815
1742
1807
1865
1793
1808
1818
1733
1697
1689
1737
1772
1742
1686
1650
1669
1687
1664
1635
1581
1620
1604
1620
1578
1589
1581
1605
1593
1552
1626
1641
1639
1588
1635
1602
1519
1614
1561
1527
1530
1501
1554
1417
1448
1505
1442
1405
1533
1495
1427
1478
1465
1465
1416
1419
1420
1408
1410
1389
1358
1385
1380
1301
1390
1367
1375
1353
1343
1402
1326
1351
1354
1333
1330
1340
1290
1255
1280
1300
1299
1209
1229
1228
1206
1233
1183
1198
1203
1193
1186
1214
1175
1133
1166
1128
1155
1120
1120
1189
1111
1098
1103
1105
1125
1059
1081
1033
1042
1043
1058
1054
1060
1010
1050
1027
1039
1042
1014
1002
963
992
1013
911
962
941
934
910
935
911
881
917
900
879
921
879
874
903
914
898
870
856
832
832
874
806
848
830
834
815
811
786
787
809
825
777
774
822
761
729
737
726
729
680
709
700
720
691
708
703
692
658
653
651
679
634
634
636
631
647
611
602
611
584
597
580
577
603
611
579
552
539
542
530
532
534
561
560
489
519
512
550
504
534
515
477
454
471
478
458
489
440
446
463
441
415
411
404
440
389
420
404
409
395
395
376
380
358
360
344
355
331
326
338
330
322
328
322
311
315
301
289
282
293
286
279
275
280
269
264
262
261
269
262
252
261
242
242
253
222
228
224
222
217
210
203
208
204
202
197
190
183
188
185
182
180
169
172
169
166
158
161
158
155
147
150
147
144
141
138
137
133
132
128
127
123
122
118
117
113
112
108
107
103
102
98
97
93
92
88
87
83
82
78
77
73
72
68
67
63
62
58
57
53
52
48
47
43
42
38
37
33
32
28
27
23
22
18
17
13
12
8
6
4
2
0
0
0
0
0
