1006
1006
1006
1006
1006
1006
1006
1006
1006
1006
1006
1006
1006
1006
1006
1006
1006
1006
1006
1006
1006
1006
1006
1006
1006
1006
1006
1006
1006
1006
1006
1006
1006
1006
1006
1006
1006
1006
1006
1006
1006
1010
1008
1012
1012
1016
1016
1020
1020
1026
1024
1026
1032
1034
1038
1042
1046
1054
1058
1060
1072
1074
1082
1084
1090
1100
1108
1108
1114
1126
1128
1134
1138
1146
1148
1148
1150
1154
1166
1178
1184
1184
1180
1196
1184
1198
1204
1204
1210
1212
1210
1218
1226
1228
1228
1230
1244
1230
1240
1240
1244
1250
1260
1272
1272
1268
1272
1280
1284
1288
1290
1294
1288
1300
1290
1298
1310
1302
1318
1310
1320
1338
1334
1338
1350
1340
1376
1402
1354
1396
1366
1378
1364
1382
1370
1422
1398
1408
1412
1398
1420
1400
1406
1454
1420
1422
1454
1432
1444
1424
1434
1446
1464
1438
1450
1468
1494
1494
1482
1474
1482
1466
1504
1492
1482
1524
1516
1524
1502
1506
1528
1520
1526
1512
1514
1526
1540
1518
1554
1596
1550
1530
1564
1556
1564
1564
1560
1570
1604
1594
1592
1620
1632
1620
1626
1650
1626
1642
1626
1618
1636
1624
1654
1654
1656
1712
1686
1680
1664
1692
1690
1706
1694
1730
1732
1718
1720
1716
1718
1720
1762
1756
1682
1748
1746
1762
1724
1738
1738
1756
1778
1742
1762
1792
1786
1800
1782
1762
1806
1846
1800
1804
1858
1844
1826
1846
1818
1830
1866
1858
1836
2334
2300
1876
2376
1842
2206
1912
2096
1880
2310
1908
2172
1888
1948
2388
1912
2186
2390
1938
2198
2476
1910
1946
1972
1960
1908
2432
2214
1952
1964
1914
2180
2232
2338
2178
1966
1914
2462
1952
1970
1942
1952
1944
1900
2418
1964
1986
1950
2014
2080
1980
1982
1956
2476
1982
1988
2462
1998
2428
2320
2036
2038
2438
2028
2414
2138
1974
2378
2022
2410
2008
2000
2004
2004
2034
1992
2022
2022
2434
2310
2040
2122
2442
2062
2102
2114
2078
2142
2096
2156
2090
2384
2102
2496
2460
2186
2482
2466
2198
2182
2172
2112
2178
2186
2194
2200
2216
2162
2166
2386
2536
2240
2200
2368
2404
2184
2216
2232
2204
2224
2236
2318
2470
2516
2264
2520
2338
2220
2524
2278
2244
2210
2252
2580
2282
2270
2346
2250
2474
2468
2522
2324
2340
2360
2576
2274
2236
2284
2336
2236
2256
2458
2482
2566
2504
2434
2308
2458
2414
2428
2394
2520
2492
2306
2308
2464
2404
2596
2274
2486
2340
2538
2470
2370
2498
2478
2408
2348
2288
2404
2572
2400
2400
2486
2536
2394
2520
2512
2474
2372
2536
2450
2594
2580
2528
2402
2504
2482
2496
2570
2558
2514
2444
2606
2566
2572
2508
2520
2448
2544
2618
2592
2602
2582
2548
2556
2600
2652
2594
2476
2532
2638
2618
2652
2616
2576
2528
2592
2554
2594
2612
2608
2606
2582
2578
2640
2656
2630
2652
2590
2642
2696
2672
2576
2590
2630
2646
2590
2616
2584
2584
2630
2620
2634
2668
2616
2650
2664
2606
2626
2606
2586
2556
2574
2582
2552
2588
2572
2480
2512
2582
2568
2552
2520
2552
2558
2584
2528
2458
2500
2470
2460
2402
2448
2448
2380
2486
2464
2402
2434
2468
2466
2398
2428
2418
2358
2438
2484
2454
2374
2392
2326
2346
2430
2326
2378
2358
2296
2320
2370
2314
2304
2332
2284
2270
2278
2274
2296
2328
2302
2242
2250
2282
2254
2234
2244
2248
2186
2298
2254
2162
2208
2220
2148
2228
2154
2158
2182
2210
2216
2148
2152
2236
2150
2166
2200
2080
2098
2096
2134
2042
2058
2128
2110
2046
2012
2006
2062
2140
2078
2050
2008
2024
2026
2068
2008
2070
2066
2018
1988
2018
2026
2000
1956
1996
2004
2020
1992
1974
1968
1984
1934
1912
1904
1968
1902
1920
1916
1946
1958
1902
1940
1910
1826
1866
1872
1904
1842
1906
1892
1934
1816
1798
1864
1854
1886
1860
1820
1828
1796
1866
1804
1758
1766
1824
1734
1808
1842
1802
1810
1798
1828
1822
1820
1818
1728
1780
1698
1768
1696
1726
1734
1672
1736
1696
1650
1672
1708
1692
1710
1674
1662
1680
1656
1618
1680
1640
1632
1654
1704
1632
1620
1588
1636
1582
1588
1622
1548
1610
1584
1572
1552
1530
1526
1484
1580
1542
1512
1514
1522
1528
1530
1490
1478
1474
1476
1430
1444
1446
1454
1462
1480
1492
1366
1428
1410
1456
1402
1422
1404
1390
1382
1428
1388
1406
1370
1402
1370
1366
1370
1382
1314
1356
1320
1324
1326
1290
1298
1314
1298
1276
1310
1284
1288
1282
1270
1262
1282
1234
1256
1246
1254
1266
1230
1238
1222
1242
1220
1218
1190
1248
1212
1208
1186
1176
1186
1160
1160
1156
1178
1140
1132
1144
1138
1134
1152
1140
1144
1116
1118
1132
1118
1128
1116
1074
1066
1094
1062
1090
1102
1074
1076
1078
1066
1052
1076
1056
1060
1058
1066
1028
1044
1022
1036
1048
1020
1006
1006
982
998
982
1008
962
1020
986
970
942
958
946
960
974
962
958
934
958
942
944
948
946
936
950
934
926
912
936
924
908
888
894
900
888
934
878
874
852
880
862
848
858
852
860
846
838
834
842
844
838
820
828
816
810
814
814
814
806
804
788
798
792
788
796
782
786
772
776
780
764
760
762
758
754
754
754
752
748
744
738
740
734
732
726
724
722
712
710
712
720
698
696
692
688
692
684
682
682
682
676
686
672
670
666
662
670
662
660
656
654
646
642
646
640
640
636
620
624
618
614
616
610
606
606
602
604
594
596
580
588
580
580
574
566
564
562
568
558
554
556
552
550
546
546
542
536
532
530
532
528
528
524
530
522
522
518
520
516
516
512
510
510
510
510
510
510
510
510
510
