503
503
503
503
503
503
503
503
503
503
503
503
503
503
503
503
503
503
503
503
503
503
503
503
503
503
503
503
503
503
503
503
503
503
503
503
503
503
503
503
503
505
504
506
505
506
507
509
508
510
510
511
513
513
516
517
517
521
524
524
528
527
532
533
534
538
542
543
545
546
548
553
555
556
558
561
564
566
567
578
579
578
576
581
578
586
587
584
589
593
587
588
590
595
598
597
603
597
605
607
602
608
608
614
613
609
619
620
622
621
622
626
625
631
625
628
632
631
636
637
641
647
648
647
651
646
663
676
656
672
660
669
662
664
658
683
671
679
678
676
682
673
670
701
681
682
692
679
689
693
689
695
705
686
697
710
719
719
713
715
714
709
721
719
715
738
739
734
728
735
739
731
739
729
733
740
750
730
747
768
749
737
754
751
747
763
755
761
781
768
775
789
790
779
782
794
785
799
788
774
790
792
795
790
803
823
813
817
802
816
814
819
822
834
837
844
833
825
831
837
851
843
806
837
840
845
834
845
837
854
867
838
857
867
863
855
863
843
863
898
864
871
879
891
878
891
871
875
893
885
888
1110
1072
905
1121
886
1046
917
1008
899
1105
912
1027
913
935
1122
927
1040
1125
915
1048
1162
920
937
952
941
911
1147
1043
929
940
915
1026
1045
1104
1026
943
908
1122
928
941
928
929
931
916
1135
937
940
930
960
987
949
947
938
1155
937
949
1152
949
1142
1087
975
967
1137
958
1145
1014
948
1128
967
1139
958
957
950
952
971
950
952
962
1135
1086
979
1005
1154
970
990
1004
984
1015
998
1020
996
1110
1000
1180
1162
1049
1161
1168
1044
1036
1027
995
1038
1028
1045
1049
1046
1027
1038
1121
1184
1065
1048
1120
1126
1036
1053
1058
1039
1054
1064
1092
1159
1173
1063
1176
1104
1039
1182
1089
1063
1044
1065
1202
1071
1077
1115
1059
1168
1172
1184
1104
1108
1121
1214
1088
1058
1086
1089
1043
1062
1156
1165
1184
1179
1141
1091
1166
1142
1151
1136
1179
1176
1072
1092
1163
1147
1203
1089
1179
1103
1178
1159
1108
1174
1161
1140
1117
1081
1132
1212
1125
1134
1164
1198
1128
1190
1186
1169
1128
1200
1159
1224
1212
1174
1131
1171
1174
1179
1199
1219
1186
1151
1212
1200
1202
1177
1192
1160
1192
1217
1221
1235
1210
1208
1218
1239
1244
1223
1155
1191
1252
1227
1256
1238
1208
1187
1206
1201
1220
1231
1220
1223
1226
1204
1250
1244
1243
1252
1224
1245
1279
1252
1224
1203
1231
1238
1217
1231
1215
1224
1243
1242
1233
1265
1219
1253
1255
1220
1239
1217
1229
1208
1234
1205
1206
1203
1209
1165
1178
1214
1203
1201
1181
1205
1201
1213
1199
1148
1192
1159
1155
1134
1154
1151
1126
1167
1165
1121
1144
1150
1161
1135
1153
1141
1095
1151
1181
1146
1118
1119
1090
1110
1135
1103
1122
1121
1086
1095
1114
1093
1092
1096
1074
1061
1064
1077
1077
1099
1074
1051
1052
1074
1073
1054
1056
1052
1024
1078
1068
1009
1039
1043
1011
1070
1020
1015
1026
1043
1038
1007
1019
1060
1016
1009
1041
990
992
987
1014
965
977
1000
997
957
951
943
981
1021
974
965
945
946
957
991
942
987
976
949
942
956
948
948
917
938
937
961
940
939
922
941
891
912
892
920
895
896
907
910
923
888
923
899
858
877
885
903
859
894
898
899
860
859
885
871
885
871
864
860
848
878
847
829
829
862
821
856
877
854
860
848
865
863
847
858
823
846
803
834
807
813
827
797
830
791
783
787
805
797
801
793
783
799
782
766
793
772
775
781
795
766
782
742
770
754
741
772
731
754
733
727
742
730
715
708
750
721
712
717
708
723
713
701
694
695
707
673
690
687
692
695
696
707
647
676
659
692
656
667
664
659
643
673
653
660
643
661
650
648
641
652
612
647
620
632
639
616
618
622
619
603
619
616
610
609
603
601
610
584
598
592
598
603
583
578
584
588
577
578
566
586
580
577
563
557
561
554
543
551
559
536
535
546
536
537
536
532
537
529
529
536
524
538
532
506
504
513
513
512
520
510
514
514
506
498
517
501
507
504
505
479
491
479
493
491
479
473
472
463
486
469
479
464
475
462
458
443
455
449
458
461
459
456
441
443
440
442
444
451
438
441
437
442
426
439
432
432
421
416
419
413
441
411
408
401
414
403
393
400
398
406
393
393
393
403
394
396
383
388
387
385
382
382
380
379
387
372
377
376
371
376
369
370
365
367
369
361
362
361
360
361
356
354
355
359
355
348
349
352
348
339
340
345
343
340
337
343
333
330
330
331
330
328
323
327
326
322
327
321
320
318
319
323
315
315
313
311
309
307
311
309
308
307
306
306
301
296
300
297
295
294
292
294
290
290
285
289
285
287
282
279
280
279
280
276
273
274
272
272
270
269
269
267
264
262
262
261
263
260
264
259
260
258
258
257
258
256
255
255
255
255
255
255
255
255
255
