1509
1509
1509
1509
1509
1509
1509
1509
1509
1509
1509
1509
1509
1509
1509
1509
1509
1509
1509
1509
1509
1509
1509
1509
1509
1509
1509
1509
1509
1509
1509
1509
1509
1509
1509
1509
1509
1509
1509
1509
1509
1515
1512
1518
1517
1522
1523
1529
1528
1536
1534
1537
1545
1547
1554
1559
1563
1575
1582
1584
1600
1601
1614
1617
1624
1638
1650
1651
1659
1672
1676
1687
1693
1702
1706
1709
1714
1720
1733
1756
1763
1762
1756
1777
1762
1784
1791
1788
1799
1805
1797
1806
1816
1823
1826
1827
1847
1827
1845
1847
1846
1858
1868
1886
1885
1877
1891
1900
1906
1909
1912
1920
1913
1931
1915
1926
1942
1933
1954
1947
1961
1985
1982
1985
2001
1986
2039
2078
2010
2068
2026
2047
2026
2046
2028
2105
2069
2087
2090
2074
2102
2073
2076
2155
2101
2104
2146
2111
2133
2117
2123
2141
2169
2124
2147
2178
2213
2213
2195
2189
2196
2175
2225
2211
2197
2262
2255
2258
2230
2241
2267
2251
2265
2241
2247
2266
2290
2248
2301
2364
2299
2267
2318
2307
2311
2327
2315
2331
2385
2362
2367
2409
2422
2399
2408
2444
2411
2441
2414
2392
2426
2416
2449
2444
2459
2535
2499
2497
2466
2508
2504
2525
2516
2564
2569
2562
2553
2541
2549
2557
2613
2599
2488
2585
2586
2607
2558
2583
2575
2610
2645
2580
2619
2659
2649
2655
2645
2605
2669
2744
2664
2675
2737
2735
2704
2737
2689
2705
2759
2743
2724
3444
3372
2781
3497
2728
3252
2829
3104
2779
3415
2820
3199
2801
2883
3510
2839
3226
3515
2853
3246
3638
2830
2883
2924
2901
2819
3579
3257
2881
2904
2829
3206
3277
3442
3204
2909
2822
3584
2880
2911
2870
2881
2875
2816
3553
2901
2926
2880
2974
3067
2929
2929
2894
3631
2919
2937
3614
2947
3570
3407
3011
3005
3575
2986
3559
3152
2922
3506
2989
3549
2966
2957
2954
2956
3005
2942
2974
2984
3569
3396
3019
3127
3596
3032
3092
3118
3062
3157
3094
3176
3086
3494
3102
3676
3622
3235
3643
3634
3242
3218
3199
3107
3216
3214
3239
3249
3262
3189
3204
3507
3720
3305
3248
3488
3530
3220
3269
3290
3243
3278
3300
3410
3629
3689
3327
3696
3442
3259
3706
3367
3307
3254
3317
3782
3353
3347
3461
3309
3642
3640
3706
3428
3448
3481
3790
3362
3294
3370
3425
3279
3318
3614
3647
3750
3683
3575
3399
3624
3556
3579
3530
3699
3668
3378
3400
3627
3551
3799
3363
3665
3443
3716
3629
3478
3672
3639
3548
3465
3369
3536
3784
3525
3534
3650
3734
3522
3710
3698
3643
3500
3736
3609
3818
3792
3702
3533
3675
3656
3675
3769
3777
3700
3595
3818
3766
3774
3685
3712
3608
3736
3835
3813
3837
3792
3756
3774
3839
3896
3817
3631
3723
3890
3845
3908
3854
3784
3715
3798
3755
3814
3843
3828
3829
3808
3782
3890
3900
3873
3904
3814
3887
3975
3924
3800
3793
3861
3884
3807
3847
3799
3808
3873
3862
3867
3933
3835
3903
3919
3826
3865
3823
3815
3764
3808
3787
3758
3791
3781
3645
3690
3796
3771
3753
3701
3757
3759
3797
3727
3606
3692
3629
3615
3536
3602
3599
3506
3653
3629
3523
3578
3618
3627
3533
3581
3559
3453
3589
3665
3600
3492
3511
3416
3456
3565
3429
3500
3479
3382
3415
3484
3407
3396
3428
3358
3331
3342
3351
3373
3427
3376
3293
3302
3356
3327
3288
3300
3300
3210
3376
3322
3171
3247
3263
3159
3298
3174
3173
3208
3253
3254
3155
3171
3296
3166
3175
3241
3070
3090
3083
3148
3007
3035
3128
3107
3003
2963
2949
3043
3161
3052
3015
2953
2970
2983
3059
2950
3057
3042
2967
2930
2974
2974
2948
2873
2934
2941
2981
2932
2913
2890
2925
2825
2824
2796
2888
2797
2816
2823
2856
2881
2790
2863
2809
2684
2743
2757
2807
2701
2800
2790
2833
2676
2657
2749
2725
2771
2731
2684
2688
2644
2744
2651
2587
2595
2686
2555
2664
2719
2656
2670
2646
2693
2685
2667
2676
2551
2626
2501
2602
2503
2539
2561
2469
2566
2487
2433
2459
2513
2489
2511
2467
2445
2479
2438
2384
2473
2412
2407
2435
2499
2398
2402
2330
2406
2336
2329
2394
2279
2364
2317
2299
2294
2260
2241
2192
2330
2263
2224
2231
2230
2251
2243
2191
2172
2169
2183
2103
2134
2133
2146
2157
2176
2199
2013
2104
2069
2148
2058
2089
2068
2049
2025
2101
2041
2066
2013
2063
2020
2014
2011
2034
1926
2003
1940
1956
1965
1906
1916
1936
1917
1879
1929
1900
1898
1891
1873
1863
1892
1818
1854
1838
1852
1869
1813
1816
1806
1830
1797
1796
1756
1834
1792
1785
1749
1733
1747
1714
1703
1707
1737
1676
1667
1690
1674
1671
1688
1672
1681
1645
1647
1668
1642
1666
1648
1580
1570
1607
1575
1602
1622
1584
1590
1592
1572
1550
1593
1557
1567
1562
1571
1507
1535
1501
1529
1539
1499
1479
1478
1445
1484
1451
1487
1426
1495
1448
1428
1385
1413
1395
1418
1435
1421
1414
1375
1401
1382
1386
1392
1397
1374
1391
1371
1368
1338
1375
1356
1340
1309
1310
1319
1301
1375
1289
1282
1253
1294
1265
1241
1258
1250
1266
1239
1231
1227
1245
1238
1234
1203
1216
1203
1195
1196
1196
1194
1185
1191
1160
1175
1168
1159
1172
1151
1156
1137
1143
1149
1125
1122
1123
1118
1115
1110
1108
1107
1107
1099
1086
1089
1086
1080
1065
1064
1067
1055
1050
1049
1063
1031
1026
1022
1019
1022
1012
1005
1009
1008
998
1013
993
990
984
981
993
977
975
969
965
955
949
957
949
948
943
926
930
919
910
916
907
901
900
894
898
884
886
865
877
865
867
856
845
844
841
848
834
827
830
824
822
816
815
811
803
796
792
794
789
791
784
794
781
782
776
778
773
774
768
765
765
765
765
765
765
765
765
765
