0.00085
0.001172
0.000767
0.000843
0.000781
0.000796
0.000724
0.000771
0.000827
0.000718
0.00079
0.000723
0.000831
0.000833
0.000765
0.000769
0.000747
0.000726
0.000769
0.000761
0.000746
0.000748
0.000724
0.000747
0.000712
0.000762
0.000794
0.000752
0.000795
0.000722
0.000767
0.000741
0.000707
0.000723
0.000739
0.000707
0.00072
0.000709
0.000724
0.000711
0.000715
0.00071
0.000711
0.000709
0.000716
0.000724
0.000713
0.000775
0.000851
0.000772
0.000718
0.000764
0.00076
0.000733
0.000754
0.000804
0.000834
0.000752
0.000737
0.000798
0.000746
0.000761
0.00075
0.000815
0.000777
0.000767
0.000798
0.000966
0.000823
0.000828
0.000797
0.000783
0.000791
0.000872
0.00081
0.000967
0.000864
0.000861
0.000908
0.000817
0.000854
0.000873
0.0008
0.000843
0.00119
0.000888
0.000941
0.000862
0.001371
0.000926
0.000944
0.000942
0.000825
0.000828
0.000843
0.000959
0.000817
0.000838
0.000839
0.000903
0.000869
0.000848
0.000896
0.000862
0.001008
0.000883
0.000968
0.00094
0.000944
0.000886
0.000842
0.000894
0.000848
0.000887
0.001004
0.00107
0.000871
0.000883
0.000985
0.000848
0.000868
0.001326
0.000891
0.001329
0.001348
0.000903
0.001111
0.000891
0.00088
0.00141
0.000949
0.000947
0.000874
0.000967
0.000936
0.000938
0.000921
0.00117
0.000977
0.001316
0.000966
0.000892
0.000923
0.000967
0.000897
0.000945
0.000958
0.000908
0.001419
0.000894
0.001326
0.001041
0.000917
0.000958
0.000916
0.000918
0.000989
0.000922
0.000914
0.001044
0.000994
0.000913
0.000926
0.000924
0.000928
0.000933
0.00103
0.00093
0.000996
0.000928
0.000951
0.000941
0.000925
0.000942
0.000929
0.000966
0.001041
0.000921
0.001008
0.000976
0.000992
0.000935
0.00095
0.000967
0.00095
0.001013
0.000933
0.000962
0.000962
0.000952
0.001029
0.000958
0.001023
0.000953
0.000968
0.000986
0.000967
0.001152
0.000958
0.001005
0.001022
0.000975
0.000989
0.001039
0.000986
0.00103
0.001018
0.001196
0.00103
0.001019
0.001002
0.000992
0.000998
0.001033
0.001009
0.001041
0.001071
0.001014
0.001094
0.001005
0.001093
0.001031
0.001046
0.001012
0.001065
0.001009
0.000992
0.001021
0.00099
0.001014
0.00102
0.001025
0.001014
0.001019
0.001046
0.001045
0.001056
0.001044
0.001185
0.001072
0.001055
0.001033
0.00106
0.001066
0.00103
0.001036
0.001058
0.001042
0.001034
0.001071
0.001032
0.001336
0.001282
0.001058
0.001466
0.001075
0.001295
0.001111
0.001187
0.001046
0.001262
0.001059
0.001229
0.001069
0.001192
0.001304
0.001074
0.001245
0.001323
0.001125
0.001251
0.001462
0.001109
0.001107
0.001107
0.001147
0.001134
0.001312
0.001232
0.001097
0.001144
0.001083
0.001259
0.001254
0.001359
0.00173
0.001133
0.001144
0.001727
0.001107
0.00119
0.001088
0.001282
0.001097
0.001089
0.001321
0.001133
0.001158
0.001113
0.001185
0.001193
0.001126
0.001136
0.001176
0.001326
0.001139
0.001137
0.001381
0.0012
0.001303
0.001757
0.001165
0.001161
0.001346
0.001175
0.001354
0.001259
0.001136
0.001302
0.001164
0.001305
0.001169
0.001186
0.001199
0.001148
0.001206
0.00122
0.001157
0.001162
0.001368
0.0013
0.001218
0.001221
0.001354
0.001179
0.001272
0.001227
0.001234
0.001239
0.001183
0.001224
0.001216
0.001339
0.001191
0.001391
0.001487
0.001274
0.001363
0.001408
0.001257
0.00128
0.001272
0.001285
0.001281
0.001698
0.001268
0.001258
0.001247
0.001239
0.001314
0.001317
0.001379
0.001308
0.001682
0.001327
0.001451
0.001245
0.001268
0.001256
0.001234
0.001257
0.00131
0.001438
0.001351
0.001402
0.001392
0.001452
0.001298
0.001351
0.001443
0.001267
0.001284
0.001262
0.001264
0.00144
0.001315
0.001375
0.001336
0.001379
0.001421
0.001564
0.00155
0.001328
0.001304
0.001336
0.001436
0.001358
0.001356
0.001909
0.001325
0.001409
0.00143
0.002148
0.001542
0.001552
0.001523
0.002035
0.0013
0.001498
0.001972
0.001366
0.001376
0.001506
0.001416
0.00163
0.001536
0.001728
0.001554
0.001415
0.001307
0.001352
0.001324
0.00139
0.001387
0.001357
0.00148
0.001447
0.001354
0.001515
0.00196
0.001934
0.001638
0.001389
0.001352
0.001373
0.001454
0.001414
0.001439
0.001758
0.001983
0.001339
0.001457
0.0014
0.001401
0.001616
0.002131
0.001515
0.001403
0.001391
0.001386
0.001459
0.001511
0.001519
0.001681
0.001471
0.001448
0.001435
0.001447
0.001576
0.001389
0.001464
0.002016
0.001483
0.0015
0.001651
0.001406
0.00156
0.001546
0.001461
0.001412
0.001443
0.001437
0.001482
0.001424
0.001457
0.001488
0.001457
0.001613
0.001486
0.001431
0.001458
0.001502
0.001873
0.001407
0.001534
0.001462
0.001493
0.001446
0.001483
0.001864
0.001448
0.001415
0.001537
0.001775
0.001528
0.0015
0.001461
0.001481
0.001489
0.001481
0.001461
0.0015
0.001528
0.001775
0.001537
0.001415
0.001448
0.001864
0.001483
0.001446
0.001493
0.001462
0.001534
0.001407
0.001873
0.001502
0.001458
0.001431
0.001486
0.001613
0.001457
0.001488
0.001457
0.001424
0.001482
0.001437
0.001443
0.001412
0.001461
0.001546
0.00156
0.001406
0.001651
0.0015
0.001483
0.002016
0.001464
0.001389
0.001576
0.001447
0.001435
0.001448
0.001471
0.001681
0.001519
0.001511
0.001459
0.001386
0.001391
0.001403
0.001515
0.002131
0.001616
0.001401
0.0014
0.001457
0.001339
0.001983
0.001758
0.001439
0.001414
0.001454
0.001373
0.001352
0.001389
0.001638
0.001934
0.00196
0.001515
0.001354
0.001447
0.00148
0.001357
0.001387
0.00139
0.001324
0.001352
0.001307
0.001415
0.001554
0.001728
0.001536
0.00163
0.001416
0.001506
0.001376
0.001366
0.001972
0.001498
0.0013
0.002035
0.001523
0.001552
0.001542
0.002148
0.00143
0.001409
0.001325
0.001909
0.001356
0.001358
0.001436
0.001336
0.001304
0.001328
0.00155
0.001564
0.001421
0.001379
0.001336
0.001375
0.001315
0.00144
0.001264
0.001262
0.001284
0.001267
0.001443
0.001351
0.001298
0.001452
0.001392
0.001402
0.001351
0.001438
0.00131
0.001257
0.001234
0.001256
0.001268
0.001245
0.001451
0.001327
0.001682
0.001308
0.001379
0.001317
0.001314
0.001239
0.001247
0.001258
0.001268
0.001698
0.001281
0.001285
0.001272
0.00128
0.001257
0.001408
0.001363
0.001274
0.001487
0.001391
0.001191
0.001339
0.001216
0.001224
0.001183
0.001239
0.001234
0.001227
0.001272
0.001179
0.001354
0.001221
0.001218
0.0013
0.001368
0.001162
0.001157
0.00122
0.001206
0.001148
0.001199
0.001186
0.001169
0.001305
0.001164
0.001302
0.001136
0.001259
0.001354
0.001175
0.001346
0.001161
0.001165
0.001757
0.001303
0.0012
0.001381
0.001137
0.001139
0.001326
0.001176
0.001136
0.001126
0.001193
0.001185
0.001113
0.001158
0.001133
0.001321
0.001089
0.001097
0.001282
0.001088
0.00119
0.001107
0.001727
0.001144
0.001133
0.00173
0.001359
0.001254
0.001259
0.001083
0.001144
0.001097
0.001232
0.001312
0.001134
0.001147
0.001107
0.001107
0.001109
0.001462
0.001251
0.001125
0.001323
0.001245
0.001074
0.001304
0.001192
0.001069
0.001229
0.001059
0.001262
0.001046
0.001187
0.001111
0.001295
0.001075
0.001466
0.001058
0.001282
0.001336
0.001032
0.001071
0.001034
0.001042
0.001058
0.001036
0.00103
0.001066
0.00106
0.001033
0.001055
0.001072
0.001185
0.001044
0.001056
0.001045
0.001046
0.001019
0.001014
0.001025
0.00102
0.001014
0.00099
0.001021
0.000992
0.001009
0.001065
0.001012
0.001046
0.001031
0.001093
0.001005
0.001094
0.001014
0.001071
0.001041
0.001009
0.001033
0.000998
0.000992
0.001002
0.001019
0.00103
0.001196
0.001018
0.00103
0.000986
0.001039
0.000989
0.000975
0.001022
0.001005
0.000958
0.001152
0.000967
0.000986
0.000968
0.000953
0.001023
0.000958
0.001029
0.000952
0.000962
0.000962
0.000933
0.001013
0.00095
0.000967
0.00095
0.000935
0.000992
0.000976
0.001008
0.000921
0.001041
0.000966
0.000929
0.000942
0.000925
0.000941
0.000951
0.000928
0.000996
0.00093
0.00103
0.000933
0.000928
0.000924
0.000926
0.000913
0.000994
0.001044
0.000914
0.000922
0.000989
0.000918
0.000916
0.000958
0.000917
0.001041
0.001326
0.000894
0.001419
0.000908
0.000958
0.000945
0.000897
0.000967
0.000923
0.000892
0.000966
0.001316
0.000977
0.00117
0.000921
0.000938
0.000936
0.000967
0.000874
0.000947
0.000949
0.00141
0.00088
0.000891
0.001111
0.000903
0.001348
0.001329
0.000891
0.001326
0.000868
0.000848
0.000985
0.000883
0.000871
0.00107
0.001004
0.000887
0.000848
0.000894
0.000842
0.000886
0.000944
0.00094
0.000968
0.000883
0.001008
0.000862
0.000896
0.000848
0.000869
0.000903
0.000839
0.000838
0.000817
0.000959
0.000843
0.000828
0.000825
0.000942
0.000944
0.000926
0.001371
0.000862
0.000941
0.000888
0.00119
0.000843
0.0008
0.000873
0.000854
0.000817
0.000908
0.000861
0.000864
0.000967
0.00081
0.000872
0.000791
0.000783
0.000797
0.000828
0.000823
0.000966
0.000798
0.000767
0.000777
0.000815
0.00075
0.000761
0.000746
0.000798
0.000737
0.000752
0.000834
0.000804
0.000754
0.000733
0.00076
0.000764
0.000718
0.000772
0.000851
0.000775
0.000713
0.000724
0.000716
0.000709
0.000711
0.00071
0.000715
0.000711
0.000724
0.000709
0.00072
0.000707
0.000739
0.000723
0.000707
0.000741
0.000767
0.000722
0.000795
0.000752
0.000794
0.000762
0.000712
0.000747
0.000724
0.000748
0.000746
0.000761
0.000769
0.000726
0.000747
0.000769
0.000765
0.000833
0.000831
0.000723
0.00079
0.000718
0.000827
0.000771
0.000724
0.000796
0.000781
0.000843
0.000767
0.001172
0.00085
