7117
7117
7117
7117
7117
7117
7117
7117
7117
7117
7117
7117
7117
7115
7113
7117
7119
7121
7121
7123
7125
7127
7123
7123
7113
7123
7117
7119
7117
7121
7119
7119
7121
7127
7119
7117
7119
7117
7127
7123
7121
7107
7113
7113
7107
7107
7117
7107
7123
7111
7117
7121
7121
7133
7105
7107
7121
7113
7121
7119
7103
7103
7105
7093
7117
7111
7115
7121
7123
7117
7123
7101
7105
7101
7095
7123
7107
7113
7119
7093
7109
7113
7115
7081
7095
7121
7105
7123
7103
7099
7097
7105
7105
7127
7105
7097
7095
7105
7085
7101
7093
7115
7129
7111
7103
7111
7121
7077
7107
7095
7123
7109
7125
7123
7095
7117
7107
7083
7111
7117
7109
7095
7115
7133
7101
7107
7089
7063
7083
7117
7075
7083
7127
7087
7127
7099
7101
7107
7069
7089
7085
7077
7105
7091
7099
7117
7099
7123
7093
7075
7103
7123
7095
7107
7107
7117
7097
7099
7105
7127
7111
7117
7131
7111
7105
7099
7105
7121
7129
7105
7135
7105
7083
7103
7121
7123
7101
7135
7125
7127
7101
7097
7093
7125
7103
7127
7137
7147
7119
7097
7117
7125
7119
7125
7103
7095
7111
7083
7103
7115
7093
7099
7081
7097
7109
7095
7111
7093
7133
7103
7127
7113
7117
7095
7103
7103
7109
7079
7131
7111
7109
7097
7115
7069
7091
7111
7133
7133
7097
7125
7107
7123
7101
7121
7099
7107
7141
7119
7063
7115
7107
7109
7107
7121
7103
7125
7113
7097
7103
7077
7107
7103
7117
7097
7107
7087
7089
7087
7099
7087
7139
7087
7097
7097
7117
7129
7141
7123
7117
7117
7113
7137
7133
7133
7115
7105
7109
7093
7113
7089
7095
7067
7079
7083
7093
7111
7113
7063
7093
7103
7095
7063
7059
7077
7115
7093
7089
7103
7119
7105
7111
7135
7091
7117
7131
7119
7165
7171
7157
7163
7131
7145
7137
7153
7181
7211
7171
7151
7155
7155
7177
7177
7183
7171
7175
7185
7167
7179
7199
7167
7181
7179
7181
7177
7191
7205
7169
7167
7173
7167
7217
7197
7173
7189
7195
7197
7247
7167
7193
7209
7183
7203
7189
7169
7201
7225
7209
7183
7177
7175
7225
7233
7233
7207
7201
7233
7241
7189
7229
7235
7207
7207
7229
7221
7219
7227
7233
7259
7259
7235
7175
7229
7223
7221
7235
7233
7249
7231
7269
7269
7263
7269
7255
7243
7305
7249
7297
7263
7303
7303
7289
7271
7293
7299
7297
7325
7265
7345
7347
7327
7369
7377
7333
7349
7355
7393
7331
7351
7401
7371
7393
7381
7407
7409
7383
7387
7397
7405
7431
7433
7425
7423
7405
7439
7395
7409
7439
7427
7403
7429
7483
7453
7453
7469
7473
7477
7479
7505
7465
7477
7509
7491
7513
7505
7507
7531
7525
7515
7505
7513
7491
7473
7515
7573
7571
7625
7557
7561
7535
7589
7589
7583
7583
7591
7599
7587
7619
7625
7645
7613
7635
7633
7655
7687
7649
7691
7733
7703
7675
7697
7721
7717
7745
7775
7785
7753
7799
7809
7845
7801
7885
7869
7831
7833
7863
7849
7879
7845
7845
7851
7869
7887
7909
7849
7835
7871
7887
7865
7873
7873
7879
7889
7853
7905
7907
7873
7921
7917
7907
7875
7883
7865
7897
7907
7883
7871
7863
7897
7897
7927
7877
7911
7879
7923
7905
7901
7929
7947
7955
7937
7945
7915
7927
7881
7873
7897
7865
7907
7907
7905
7957
7921
7961
7915
7887
7941
7965
7925
7947
7913
7955
7943
7909
7911
7883
7927
7935
7891
7949
7951
7957
7953
7949
7941
7949
7943
7919
7939
7929
7905
7917
7957
7943
7913
7945
7927
7933
7887
7917
7937
7925
7945
7943
7927
7929
7885
7915
7913
7927
7905
7939
7951
7937
7939
7957
7937
7921
7907
7899
7945
7923
7915
7927
7949
7901
7895
7885
7893
7933
7923
7905
7945
7929
7949
7949
7921
7883
7875
7887
7871
7925
7913
7855
7871
7913
7881
7891
7893
7875
7937
7867
7907
7859
7917
7891
7853
7877
7891
7861
7881
7845
7905
7877
7893
7897
7919
7875
7867
7917
7933
7905
7889
7871
7919
7905
7865
7901
7915
7885
7899
7895
7887
7875
7837
7859
7889
7859
7857
7889
7857
7871
7871
7847
7867
7877
7825
7845
7877
7891
7859
7851
7857
7879
7861
7893
7851
7881
7839
7859
7857
7827
7881
7877
7825
7839
7897
7863
7879
7847
7893
7893
7901
7855
7915
7885
7879
7867
7853
7889
7871
7865
7887
7899
7887
7895
7865
7903
7895
7897
7895
7913
7887
7897
7897
7921
7915
7915
7903
7909
7907
7917
7923
7951
7917
7953
7923
7911
7977
7961
7957
8001
7975
7951
7973
7953
7993
7979
7979
8005
7967
8003
7979
7975
7959
8009
8003
8011
8023
8027
8001
8033
8005
8017
8025
8025
7999
8021
8035
8005
8043
8033
8015
8021
7969
8025
8019
8029
8009
8015
8001
8051
8035
8025
8057
8097
8123
8053
8051
8053
8079
8069
8069
8083
8069
8065
8099
8095
8101
8113
8099
8077
8105
8137
8069
8093
8115
8149
8107
8119
8101
8133
8141
8153
8137
8137
8159
8177
8159
8175
8203
8185
8177
8203
8205
8195
8191
8205
8219
8229
8217
8227
8235
8235
8239
8215
8237
8211
8241
8269
8267
8271
8259
8279
8287
8297
8293
8319
8303
8295
8323
8329
8337
8327
8345
8341
8341
8345
8363
8359
8357
8353
8355
8335
8379
8365
8353
8393
8391
8377
8379
8407
8385
8387
8393
8387
8401
8387
8415
8395
8385
8381
8395
8377
8393
8385
8393
8389
8397
8401
8401
8405
8383
8399
8397
8405
8387
8411
8421
8411
8395
8413
8403
8415
8419
8415
8437
8421
8417
8407
8397
8411
8413
8389
8393
8385
8393
8413
8413
8407
8415
8407
8389
8391
8385
8405
8397
8399
8385
8391
8403
8399
8399
8395
8405
8413
8407
8409
8411
8385
8385
8385
8385
8385
8385
8385
8385
8385
8385
8385
8385
8385
8385
8385
8385
8385
8385
8385
8385
8385
8385
8385
8385
8385
8385
8385
8385
8385
8385
8385
8385
8385
8385
8385
8385
8385
8385
8385
8385
8385
