3683
3683
3683
3683
3683
3683
3683
3683
3683
3683
3683
3683
3683
3682
3681
3683
3684
3685
3685
3686
3687
3688
3686
3686
3681
3686
3683
3684
3683
3685
3684
3684
3685
3688
3684
3683
3684
3683
3688
3686
3685
3678
3681
3681
3678
3678
3683
3678
3686
3680
3683
3685
3685
3691
3677
3678
3685
3681
3685
3684
3676
3676
3677
3671
3683
3680
3682
3685
3686
3683
3686
3675
3677
3675
3672
3686
3678
3681
3684
3671
3679
3681
3682
3665
3672
3685
3677
3686
3676
3674
3673
3677
3677
3688
3677
3673
3672
3677
3667
3675
3671
3682
3689
3680
3676
3680
3685
3663
3678
3672
3686
3679
3687
3686
3672
3683
3678
3666
3680
3683
3679
3672
3682
3691
3675
3678
3669
3656
3666
3683
3662
3666
3688
3668
3688
3674
3675
3678
3659
3669
3667
3663
3677
3670
3674
3683
3674
3686
3671
3662
3676
3686
3672
3678
3678
3683
3673
3674
3677
3688
3680
3683
3690
3680
3677
3674
3677
3685
3689
3677
3692
3677
3666
3676
3685
3686
3675
3692
3687
3688
3675
3673
3671
3687
3676
3688
3693
3698
3684
3673
3683
3687
3684
3687
3676
3672
3680
3666
3676
3682
3671
3674
3665
3673
3679
3672
3680
3671
3691
3676
3688
3681
3683
3672
3676
3676
3679
3664
3690
3680
3679
3673
3682
3659
3670
3680
3691
3691
3673
3687
3678
3686
3675
3685
3674
3678
3695
3684
3656
3682
3678
3679
3678
3685
3676
3687
3681
3673
3676
3663
3678
3676
3683
3673
3678
3668
3669
3668
3674
3668
3694
3668
3673
3673
3683
3689
3695
3686
3683
3683
3681
3693
3691
3691
3682
3677
3679
3671
3681
3669
3672
3658
3664
3666
3671
3680
3681
3656
3671
3676
3672
3656
3654
3663
3682
3671
3669
3676
3684
3677
3680
3692
3670
3683
3690
3684
3707
3710
3703
3706
3690
3697
3693
3701
3715
3730
3710
3700
3702
3702
3713
3713
3716
3710
3712
3717
3708
3714
3724
3708
3715
3714
3715
3713
3720
3727
3709
3708
3711
3708
3733
3723
3711
3719
3722
3723
3748
3708
3721
3729
3716
3726
3719
3709
3725
3737
3729
3716
3713
3712
3737
3741
3741
3728
3725
3741
3745
3719
3739
3742
3728
3728
3739
3735
3734
3738
3741
3754
3754
3742
3712
3739
3736
3735
3742
3741
3749
3740
3759
3759
3756
3759
3752
3746
3777
3749
3773
3756
3776
3776
3769
3760
3771
3774
3773
3787
3757
3797
3798
3788
3809
3813
3791
3799
3802
3821
3790
3800
3825
3810
3821
3815
3828
3829
3816
3818
3823
3827
3840
3841
3837
3836
3827
3844
3822
3829
3844
3838
3826
3839
3866
3851
3851
3859
3861
3863
3864
3877
3857
3863
3879
3870
3881
3877
3878
3890
3887
3882
3877
3881
3870
3861
3882
3911
3910
3937
3903
3905
3892
3919
3919
3916
3916
3920
3924
3918
3934
3937
3947
3931
3942
3941
3952
3968
3949
3970
3991
3976
3962
3973
3985
3983
3997
4012
4017
4001
4024
4029
4047
4025
4067
4059
4040
4041
4056
4049
4064
4047
4047
4050
4059
4068
4079
4049
4042
4060
4068
4057
4061
4061
4064
4069
4051
4077
4078
4061
4085
4083
4078
4062
4066
4057
4073
4078
4066
4060
4056
4073
4073
4088
4063
4080
4064
4086
4077
4075
4089
4098
4102
4093
4097
4082
4088
4065
4061
4073
4057
4078
4078
4077
4103
4085
4105
4082
4068
4095
4107
4087
4098
4081
4102
4096
4079
4080
4066
4088
4092
4070
4099
4100
4103
4101
4099
4095
4099
4096
4084
4094
4089
4077
4083
4103
4096
4081
4097
4088
4091
4068
4083
4093
4087
4097
4096
4088
4089
4067
4082
4081
4088
4077
4094
4100
4093
4094
4103
4093
4085
4078
4074
4097
4086
4082
4088
4099
4075
4072
4067
4071
4091
4086
4077
4097
4089
4099
4099
4085
4066
4062
4068
4060
4087
4081
4052
4060
4081
4065
4070
4071
4062
4093
4058
4078
4054
4083
4070
4051
4063
4070
4055
4065
4047
4077
4063
4071
4073
4084
4062
4058
4083
4091
4077
4069
4060
4084
4077
4057
4075
4082
4067
4074
4072
4068
4062
4043
4054
4069
4054
4053
4069
4053
4060
4060
4048
4058
4063
4037
4047
4063
4070
4054
4050
4053
4064
4055
4071
4050
4065
4044
4054
4053
4038
4065
4063
4037
4044
4073
4056
4064
4048
4071
4071
4075
4052
4082
4067
4064
4058
4051
4069
4060
4057
4068
4074
4068
4072
4057
4076
4072
4073
4072
4081
4068
4073
4073
4085
4082
4082
4076
4079
4078
4083
4086
4100
4083
4101
4086
4080
4113
4105
4103
4125
4112
4100
4111
4101
4121
4114
4114
4127
4108
4126
4114
4112
4104
4129
4126
4130
4136
4138
4125
4141
4127
4133
4137
4137
4124
4135
4142
4127
4146
4141
4132
4135
4109
4137
4134
4139
4129
4132
4125
4150
4142
4137
4153
4173
4186
4151
4150
4151
4164
4159
4159
4166
4159
4157
4174
4172
4175
4181
4174
4163
4177
4193
4159
4171
4182
4199
4178
4184
4175
4191
4195
4201
4193
4193
4204
4213
4204
4212
4226
4217
4213
4226
4227
4222
4220
4227
4234
4239
4233
4238
4242
4242
4244
4232
4243
4230
4245
4259
4258
4260
4254
4264
4268
4273
4271
4284
4276
4272
4286
4289
4293
4288
4297
4295
4295
4297
4306
4304
4303
4301
4302
4292
4314
4307
4301
4321
4320
4313
4314
4328
4317
4318
4321
4318
4325
4318
4332
4322
4317
4315
4322
4313
4321
4317
4321
4319
4323
4325
4325
4327
4316
4324
4323
4327
4318
4330
4335
4330
4322
4331
4326
4332
4334
4332
4343
4335
4333
4328
4323
4330
4331
4319
4321
4317
4321
4331
4331
4328
4332
4328
4319
4320
4317
4327
4323
4324
4317
4320
4326
4324
4324
4322
4327
4331
4328
4329
4330
4317
4317
4317
4317
4317
4317
4317
4317
4317
4317
4317
4317
4317
4317
4317
4317
4317
4317
4317
4317
4317
4317
4317
4317
4317
4317
4317
4317
4317
4317
4317
4317
4317
4317
4317
4317
4317
4317
4317
4317
4317
